984
1	147	148	146	145	1.279072
2	148	149	146	145	0.157757
3	149	150	146	145	0.051779
4	150	151	146	145	0.021085
5	151	152	146	145	0.010540
6	152	153	146	145	0.005580
7	153	154	146	145	0.003968
8	154	155	146	145	0.002657
9	148	149	147	146	1.323379
10	149	150	147	146	0.190508
11	150	151	147	146	0.054414
12	151	152	147	146	0.022850
13	152	153	147	146	0.010791
14	153	154	147	146	0.007058
15	154	155	147	146	0.004424
16	155	156	147	146	0.002974
17	149	151	147	145	0.317778
18	151	153	147	145	0.049751
19	153	155	147	145	0.018114
20	155	157	147	145	0.008045
21	157	159	147	145	0.004261
22	159	80	147	145	0.002668
23	80	78	147	145	0.001502
24	78	76	147	145	0.000957
25	149	150	148	147	1.209536
26	150	151	148	147	0.176843
27	151	152	148	147	0.055557
28	152	153	148	147	0.022451
29	153	154	148	147	0.013251
30	154	155	148	147	0.007722
31	155	156	148	147	0.004903
32	156	157	148	147	0.003062
33	150	152	148	146	0.309689
34	152	154	148	146	0.053553
35	154	156	148	146	0.020029
36	156	158	148	146	0.008564
37	158	160	148	146	0.004983
38	160	79	148	146	0.002626
39	79	77	148	146	0.001605
40	77	75	148	146	0.000890
41	151	154	148	145	0.152046
42	154	157	148	145	0.030818
43	157	160	148	145	0.010967
44	160	78	148	145	0.004576
45	78	75	148	145	0.002191
46	75	72	148	145	0.001185
47	72	69	148	145	0.000817
48	69	66	148	145	0.000647
49	150	151	149	148	1.003035
50	151	152	149	148	0.165305
51	152	153	149	148	0.050782
52	153	154	149	148	0.025750
53	154	155	149	148	0.013626
54	155	156	149	148	0.008065
55	156	157	149	148	0.004783
56	157	158	149	148	0.003199
57	151	153	149	147	0.294097
58	153	155	149	147	0.060350
59	155	157	149	147	0.020808
60	157	159	149	147	0.009285
61	159	80	149	147	0.005157
62	80	78	149	147	0.002685
63	78	76	149	147	0.001636
64	76	74	149	147	0.000927
65	152	155	149	146	0.155857
66	155	158	149	146	0.032489
67	158	80	149	146	0.011738
68	80	77	149	146	0.004850
69	77	74	149	146	0.002115
70	74	71	149	146	0.001257
71	71	68	149	146	0.000997
72	68	65	149	146	0.000621
73	153	157	149	145	0.107312
74	157	80	149	145	0.021374
75	80	76	149	145	0.006777
76	76	72	149	145	0.002589
77	72	68	149	145	0.001653
78	151	152	150	149	1.007079
79	152	153	150	149	0.162285
80	153	154	150	149	0.061953
81	154	155	150	149	0.028184
82	155	156	150	149	0.015169
83	156	157	150	149	0.008397
84	157	158	150	149	0.005322
85	158	159	150	149	0.003660
86	152	154	150	148	0.300762
87	154	156	150	148	0.065043
88	156	158	150	148	0.021701
89	158	160	150	148	0.010604
90	160	79	150	148	0.004956
91	79	77	150	148	0.002858
92	77	75	150	148	0.001521
93	75	73	150	148	0.001047
94	153	156	150	147	0.178603
95	156	159	150	147	0.034510
96	159	79	150	147	0.012425
97	79	76	150	147	0.004931
98	76	73	150	147	0.002280
99	73	70	150	147	0.001404
100	70	67	150	147	0.001142
101	154	158	150	146	0.115318
102	158	79	150	146	0.023177
103	79	75	150	146	0.006871
104	75	71	150	146	0.002839
105	71	67	150	146	0.001924
106	152	153	151	150	0.871550
107	153	154	151	150	0.182240
108	154	155	151	150	0.063865
109	155	156	151	150	0.029464
110	156	157	151	150	0.014785
111	157	158	151	150	0.008663
112	158	159	151	150	0.005588
113	159	160	151	150	0.004019
114	153	155	151	149	0.336253
115	155	157	151	149	0.067818
116	157	159	151	149	0.023237
117	159	80	151	149	0.010751
118	80	78	151	149	0.005064
119	78	76	151	149	0.002905
120	76	74	151	149	0.001564
121	74	72	151	149	0.001099
122	154	157	151	148	0.186338
123	157	160	151	148	0.037400
124	160	78	151	148	0.011680
125	78	75	151	148	0.004946
126	75	72	151	148	0.002440
127	72	69	151	148	0.001581
128	69	66	151	148	0.001185
129	155	159	151	147	0.121147
130	159	78	151	147	0.023652
131	78	74	151	147	0.007030
132	74	70	151	147	0.003103
133	70	66	151	147	0.002027
134	153	154	152	151	0.783566
135	154	155	152	151	0.167238
136	155	156	152	151	0.060818
137	156	157	152	151	0.026606
138	157	158	152	151	0.014122
139	158	159	152	151	0.008427
140	159	160	152	151	0.005769
141	160	80	152	151	0.003126
142	154	156	152	150	0.321358
143	156	158	152	150	0.064166
144	158	160	152	150	0.023803
145	160	79	152	150	0.009330
146	79	77	152	150	0.004910
147	77	75	152	150	0.002459
148	75	73	152	150	0.001622
149	73	71	152	150	0.001048
150	155	158	152	149	0.183337
151	158	80	152	149	0.037317
152	80	77	152	149	0.011762
153	77	74	152	149	0.004533
154	74	71	152	149	0.002473
155	71	68	152	149	0.001848
156	68	65	152	149	0.001092
157	156	160	152	148	0.120274
158	160	77	152	148	0.022050
159	77	73	152	148	0.006651
160	73	69	152	148	0.003265
161	69	65	152	148	0.002081
162	154	155	153	152	0.809815
163	155	156	153	152	0.180705
164	156	157	153	152	0.062322
165	157	158	153	152	0.028252
166	158	159	153	152	0.014960
167	159	160	153	152	0.009391
168	160	80	153	152	0.004709
169	80	79	153	152	0.003143
170	155	157	153	151	0.330451
171	157	159	153	151	0.065765
172	159	80	153	151	0.022989
173	80	78	153	151	0.008899
174	78	76	153	151	0.004692
175	76	74	153	151	0.002369
176	74	72	153	151	0.001590
177	72	70	153	151	0.001136
178	156	159	153	150	0.183710
179	159	79	153	150	0.036350
180	79	76	153	150	0.011056
181	76	73	153	150	0.004484
182	73	70	153	150	0.002526
183	70	67	153	150	0.001928
184	157	80	153	149	0.122734
185	80	76	153	149	0.021554
186	76	72	153	149	0.006625
187	72	68	153	149	0.003716
188	155	156	154	153	0.804674
189	156	157	154	153	0.190817
190	157	158	154	153	0.071946
191	158	159	154	153	0.033560
192	159	160	154	153	0.019325
193	160	80	154	153	0.008965
194	80	79	154	153	0.005604
195	79	78	154	153	0.003536
196	156	158	154	152	0.353360
197	158	160	154	152	0.077241
198	160	79	154	152	0.022419
199	79	77	154	152	0.009997
200	77	75	154	152	0.004583
201	75	73	154	152	0.002816
202	73	71	154	152	0.001719
203	71	69	154	152	0.001425
204	157	160	154	151	0.205766
205	160	78	154	151	0.034832
206	78	75	154	151	0.011581
207	75	72	154	151	0.004950
208	72	69	154	151	0.002924
209	69	66	154	151	0.002059
210	158	79	154	150	0.132778
211	79	75	154	150	0.021944
212	75	71	154	150	0.007201
213	71	67	154	150	0.004283
214	156	157	155	154	0.710315
215	157	158	155	154	0.174861
216	158	159	155	154	0.066946
217	159	160	155	154	0.034472
218	160	80	155	154	0.014607
219	80	79	155	154	0.008484
220	79	78	155	154	0.005125
221	78	77	155	154	0.003882
222	157	159	155	153	0.347306
223	159	80	155	153	0.077364
224	80	78	155	153	0.022743
225	78	76	155	153	0.010606
226	76	74	155	153	0.004886
227	74	72	155	153	0.003094
228	72	70	155	153	0.002096
229	70	68	155	153	0.001750
230	158	80	155	152	0.206926
231	80	77	155	152	0.036226
232	77	74	155	152	0.011194
233	74	71	155	152	0.005320
234	71	68	155	152	0.003649
235	68	65	155	152	0.001996
236	159	78	155	151	0.131995
237	78	74	155	151	0.022553
238	74	70	155	151	0.007912
239	70	66	155	151	0.004505
240	157	158	156	155	0.649205
241	158	159	156	155	0.157835
242	159	160	156	155	0.066714
243	160	80	156	155	0.024798
244	80	79	156	155	0.012932
245	79	78	156	155	0.007338
246	78	77	156	155	0.005374
247	77	76	156	155	0.003075
248	158	160	156	154	0.325952
249	160	79	156	154	0.060820
250	79	77	156	154	0.021716
251	77	75	156	154	0.008955
252	75	73	156	154	0.005084
253	73	71	156	154	0.002928
254	71	69	156	154	0.002351
255	69	67	156	154	0.001885
256	159	79	156	153	0.195886
257	79	76	156	153	0.035043
258	76	73	156	153	0.011552
259	73	70	156	153	0.005723
260	70	67	156	153	0.004024
261	160	77	156	152	0.114945
262	77	73	156	152	0.021430
263	73	69	156	152	0.008418
264	69	65	156	152	0.004716
265	158	159	157	156	0.588193
266	159	160	157	156	0.157138
267	160	80	157	156	0.046089
268	80	79	157	156	0.020535
269	79	78	157	156	0.010742
270	78	77	157	156	0.007393
271	77	76	157	156	0.004028
272	76	75	157	156	0.002564
273	159	80	157	155	0.294729
274	80	78	157	155	0.051541
275	78	76	157	155	0.019873
276	76	74	157	155	0.008091
277	74	72	157	155	0.004760
278	72	70	157	155	0.003047
279	70	68	157	155	0.002450
280	68	66	157	155	0.001512
281	160	78	157	154	0.150640
282	78	75	157	154	0.032203
283	75	72	157	154	0.011225
284	72	69	157	154	0.005906
285	69	66	157	154	0.003836
286	80	76	157	153	0.104759
287	76	72	157	153	0.020834
288	72	68	157	153	0.009345
289	159	160	158	157	0.697306
290	160	80	158	157	0.127638
291	80	79	158	157	0.043735
292	79	78	158	157	0.020242
293	78	77	158	157	0.012757
294	77	76	158	157	0.006475
295	76	75	158	157	0.003914
296	75	74	158	157	0.002802
297	160	79	158	156	0.237990
298	79	77	158	156	0.051134
299	77	75	158	156	0.016981
300	75	73	158	156	0.008428
301	73	71	158	156	0.004394
302	71	69	158	156	0.003433
303	69	67	158	156	0.002573
304	67	65	158	156	0.001322
305	80	77	158	155	0.141070
306	77	74	158	155	0.028387
307	74	71	158	155	0.010976
308	71	68	158	155	0.006790
309	68	65	158	155	0.003395
310	79	75	158	154	0.098799
311	75	71	158	154	0.020829
312	71	67	158	154	0.010248
313	160	80	159	158	0.637614
314	80	79	159	158	0.118507
315	79	78	159	158	0.043695
316	78	77	159	158	0.024418
317	77	76	159	158	0.011374
318	76	75	159	158	0.006463
319	75	74	159	158	0.004401
320	74	73	159	158	0.003337
321	80	78	159	157	0.226189
322	78	76	159	157	0.055020
323	76	74	159	157	0.017583
324	74	72	159	157	0.009150
325	72	70	159	157	0.005326
326	70	68	159	157	0.003988
327	68	66	159	157	0.002344
328	79	76	159	156	0.141132
329	76	73	159	156	0.029105
330	73	70	159	156	0.011649
331	70	67	159	156	0.007218
332	78	74	159	155	0.100556
333	74	70	159	155	0.022278
334	70	66	159	155	0.010290
335	80	79	160	159	0.533697
336	79	78	160	159	0.116408
337	78	77	160	159	0.051247
338	77	76	160	159	0.020703
339	76	75	160	159	0.010757
340	75	74	160	159	0.006807
341	74	73	160	159	0.005112
342	73	72	160	159	0.003154
343	79	77	160	158	0.235739
344	77	75	160	158	0.049292
345	75	73	160	158	0.019657
346	73	71	160	158	0.008449
347	71	69	160	158	0.007189
348	69	67	160	158	0.004563
349	67	65	160	158	0.002269
350	78	75	160	157	0.148092
351	75	72	160	157	0.031422
352	72	69	160	157	0.013353
353	69	66	160	157	0.007612
354	77	73	160	156	0.094361
355	73	69	160	156	0.023469
356	69	65	160	156	0.010726
357	79	78	80	160	0.392778
358	78	77	80	160	0.108937
359	77	76	80	160	0.036316
360	76	75	80	160	0.015818
361	75	74	80	160	0.008585
362	74	73	80	160	0.006857
363	73	72	80	160	0.003732
364	78	76	80	159	0.217183
365	76	74	80	159	0.041930
366	74	72	80	159	0.018873
367	72	70	80	159	0.009394
368	70	68	80	159	0.006497
369	68	66	80	159	0.003617
370	77	74	80	158	0.121065
371	74	71	80	158	0.014439
372	71	68	80	158	0.031296
373	68	65	80	158	0.006600
374	76	72	80	157	0.087532
375	72	68	80	157	0.025209
376	78	77	79	80	0.352356
377	77	76	79	80	0.072936
378	76	75	79	80	0.027140
379	74	73	79	80	0.016054
380	73	72	79	80	0.004984
381	72	71	79	80	0.016503
382	77	75	79	160	0.152050
383	75	73	79	160	0.038316
384	73	71	79	160	0.013922
385	71	69	79	160	0.009940
386	69	67	79	160	0.006058
387	67	65	79	160	0.002835
388	76	73	79	159	0.103935
389	73	70	79	159	0.027555
390	70	67	79	159	0.014130
391	75	71	79	158	0.079550
392	71	67	79	158	0.028541
393	77	76	78	79	0.189801
394	76	75	78	79	0.045733
395	75	74	78	79	0.026765
396	73	72	78	79	0.005664
397	72	71	78	79	0.005899
398	70	69	78	79	0.002179
399	76	74	78	80	0.106444
400	74	72	78	80	0.030167
401	72	70	78	80	0.013054
402	70	68	78	80	0.008219
403	68	66	78	80	0.004288
404	75	72	78	160	0.082914
405	72	69	78	160	0.024080
406	69	66	78	160	0.011669
407	74	70	78	159	0.071629
408	70	66	78	159	0.022609
409	76	75	77	78	0.185532
410	75	74	77	78	0.049102
411	74	73	77	78	0.016421
412	73	72	77	78	0.009016
413	72	71	77	78	0.006341
414	71	70	77	78	0.003332
415	70	69	77	78	0.002941
416	69	68	77	78	0.002495
417	75	73	77	79	0.095735
418	73	71	77	79	0.027117
419	71	69	77	79	0.009114
420	69	67	77	79	0.007420
421	67	65	77	79	0.003155
422	74	71	77	80	0.086629
423	71	68	77	80	0.005392
424	68	65	77	80	0.009017
425	73	69	77	160	0.060101
426	69	65	77	160	0.019464
427	75	74	76	77	0.160555
428	74	73	76	77	0.035773
429	73	72	76	77	0.013705
430	72	71	76	77	0.007578
431	71	70	76	77	0.004564
432	70	69	76	77	0.003126
433	69	68	76	77	0.002608
434	68	67	76	77	0.001641
435	74	72	76	78	0.074828
436	72	70	76	78	0.021815
437	70	68	76	78	0.011166
438	68	66	76	78	0.005196
439	73	70	76	79	0.056949
440	70	67	76	79	0.019922
441	72	68	76	80	0.054250
442	74	73	75	76	0.140574
443	73	72	75	76	0.030842
444	72	71	75	76	0.012976
445	71	70	75	76	0.007111
446	70	69	75	76	0.004387
447	69	68	75	76	0.003319
448	68	67	75	76	0.001974
449	67	66	75	76	0.001105
450	73	71	75	77	0.065105
451	71	69	75	77	0.019178
452	69	67	75	77	0.009539
453	67	65	75	77	0.003809
454	72	69	75	78	0.052345
455	69	66	75	78	0.016699
456	71	67	75	79	0.044940
457	73	72	74	75	0.134609
458	72	71	74	75	0.034148
459	71	70	74	75	0.014916
460	70	69	74	75	0.007771
461	69	68	74	75	0.005255
462	68	67	74	75	0.002925
463	67	66	74	75	0.001513
464	66	65	74	75	0.001186
465	72	70	74	76	0.069123
466	70	68	74	76	0.020732
467	68	66	74	76	0.007517
468	71	68	74	77	0.053094
469	68	65	74	77	0.013043
470	70	66	74	78	0.044608
471	72	71	73	74	0.143410
472	71	70	73	74	0.036546
473	70	69	73	74	0.014771
474	69	68	73	74	0.008429
475	68	67	73	74	0.004193
476	67	66	73	74	0.002076
477	66	65	73	74	0.001556
478	71	69	73	75	0.074003
479	69	67	73	75	0.020799
480	67	65	73	75	0.006323
481	70	67	73	76	0.053003
482	69	65	73	77	0.040473
483	71	70	72	73	0.144939
484	70	69	72	73	0.033817
485	69	68	72	73	0.014763
486	68	67	72	73	0.006252
487	67	66	72	73	0.002819
488	66	65	72	73	0.001991
489	70	68	72	74	0.071788
490	68	66	72	74	0.015336
491	69	66	72	75	0.048216
492	70	69	71	72	0.146702
493	69	68	71	72	0.035522
494	68	67	71	72	0.011030
495	67	66	71	72	0.004859
496	66	65	71	72	0.002734
497	69	67	71	73	0.067522
498	67	65	71	73	0.012380
499	68	65	71	74	0.037438
500	69	68	70	71	0.159593
501	68	67	70	71	0.030156
502	67	66	70	71	0.008900
503	66	65	70	71	0.005547
504	68	66	70	72	0.054886
505	68	67	69	70	0.113536
506	67	66	69	70	0.022300
507	66	65	69	70	0.010550
508	67	65	69	71	0.047306
509	67	66	68	69	0.165423
510	66	65	68	69	0.043613
511	66	65	67	68	0.205388
512	68	69	67	66	0.165234
513	72	73	67	66	0.002797
514	69	71	67	65	0.047437
515	73	75	67	65	0.006154
516	79	160	67	65	0.002834
517	160	158	67	65	0.002274
518	158	156	67	65	0.001319
519	69	70	68	67	0.113516
520	70	71	68	67	0.029929
521	72	73	68	67	0.006259
522	76	77	68	67	0.001599
523	70	72	68	66	0.054829
524	72	74	68	66	0.015340
525	76	78	68	66	0.005201
526	80	159	68	66	0.003612
527	159	157	68	66	0.002347
528	157	155	68	66	0.001513
529	71	74	68	65	0.037461
530	74	77	68	65	0.012973
531	77	80	68	65	0.009032
532	80	158	68	65	0.006634
533	158	155	68	65	0.003386
534	155	152	68	65	0.001999
535	152	149	68	65	0.001084
536	149	146	68	65	0.000625
537	70	71	69	68	0.158641
538	71	72	69	68	0.035889
539	72	73	69	68	0.014771
540	73	74	69	68	0.008391
541	74	75	69	68	0.005279
542	76	77	69	68	0.002608
543	71	73	69	67	0.068167
544	73	75	69	67	0.020953
545	75	77	69	67	0.009407
546	77	79	69	67	0.007394
547	79	160	69	67	0.006059
548	160	158	69	67	0.004563
549	158	156	69	67	0.002573
550	156	154	69	67	0.001884
551	72	75	69	66	0.048204
552	75	78	69	66	0.016701
553	78	160	69	66	0.011696
554	160	157	69	66	0.007618
555	157	154	69	66	0.003849
556	154	151	69	66	0.002058
557	151	148	69	66	0.001190
558	148	145	69	66	0.000645
559	73	77	69	65	0.040425
560	77	160	69	65	0.019518
561	160	156	69	65	0.010731
562	156	152	69	65	0.004719
563	152	148	69	65	0.002092
564	71	72	70	69	0.143736
565	72	73	70	69	0.033726
566	73	74	70	69	0.014826
567	74	75	70	69	0.007695
568	75	76	70	69	0.004361
569	76	77	70	69	0.003128
570	77	78	70	69	0.002954
571	72	74	70	68	0.071727
572	74	76	70	68	0.020681
573	76	78	70	68	0.011159
574	78	80	70	68	0.008213
575	80	159	70	68	0.006498
576	159	157	70	68	0.003988
577	157	155	70	68	0.002452
578	155	153	70	68	0.001752
579	73	76	70	67	0.053054
580	76	79	70	67	0.019850
581	79	159	70	67	0.014115
582	159	156	70	67	0.007197
583	156	153	70	67	0.004025
584	153	150	70	67	0.001926
585	150	147	70	67	0.001146
586	74	78	70	66	0.044537
587	78	159	70	66	0.022595
588	159	155	70	66	0.010288
589	155	151	70	66	0.004473
590	151	147	70	66	0.002007
591	72	73	71	70	0.144471
592	73	74	71	70	0.036401
593	74	75	71	70	0.014752
594	75	76	71	70	0.007009
595	73	75	71	69	0.073646
596	75	77	71	69	0.018800
597	158	156	71	69	0.003838
598	156	154	71	69	0.002524
599	154	152	71	69	0.001502
600	74	77	71	68	0.052406
601	158	155	71	68	0.007326
602	155	152	71	68	0.003818
603	152	149	71	68	0.001910
604	149	146	71	68	0.001033
605	75	79	71	67	0.041944
606	79	158	71	67	0.031182
607	158	154	71	67	0.010887
608	154	150	71	67	0.004418
609	150	146	71	67	0.001974
610	73	74	72	71	0.143810
611	74	75	72	71	0.034242
612	75	76	72	71	0.013139
613	76	77	72	71	0.007861
614	74	76	72	70	0.068994
615	76	78	72	70	0.021837
616	78	80	72	70	0.013059
617	80	159	72	70	0.009393
618	159	157	72	70	0.005327
619	157	155	72	70	0.003048
620	155	153	72	70	0.002095
621	153	151	72	70	0.001135
622	75	78	72	69	0.052335
623	78	160	72	69	0.024065
624	160	157	72	69	0.013341
625	157	154	72	69	0.005911
626	154	151	72	69	0.002918
627	151	148	72	69	0.001571
628	148	145	72	69	0.000815
629	76	80	72	68	0.054280
630	80	157	72	68	0.025211
631	157	153	72	68	0.009347
632	153	149	72	68	0.003672
633	149	145	72	68	0.001635
634	74	75	73	72	0.134589
635	75	76	73	72	0.030896
636	76	77	73	72	0.013824
637	77	78	73	72	0.008937
638	78	79	73	72	0.005662
639	79	80	73	72	0.004991
640	80	160	73	72	0.003709
641	160	159	73	72	0.003148
642	75	77	73	71	0.065630
643	77	79	73	71	0.029785
644	79	160	73	71	0.012899
645	158	156	73	71	0.003941
646	156	154	73	71	0.002734
647	154	152	73	71	0.001630
648	152	150	73	71	0.001000
649	76	79	73	70	0.056983
650	79	159	73	70	0.027556
651	159	156	73	70	0.011649
652	156	153	73	70	0.005730
653	153	150	73	70	0.002528
654	150	147	73	70	0.001400
655	77	160	73	69	0.060093
656	160	156	73	69	0.023470
657	156	152	73	69	0.008423
658	152	148	73	69	0.003242
659	75	76	74	73	0.140768
660	76	77	74	73	0.035789
661	77	78	74	73	0.018067
662	78	79	74	73	0.007322
663	79	80	74	73	0.011765
664	80	160	74	73	0.006420
665	160	159	74	73	0.004943
666	159	158	74	73	0.003259
667	76	78	74	72	0.076538
668	78	80	74	72	0.029771
669	80	159	74	72	0.018253
670	159	157	74	72	0.009033
671	157	155	74	72	0.004723
672	155	153	74	72	0.003070
673	153	151	74	72	0.001578
674	151	149	74	72	0.001092
675	158	155	74	71	0.010355
676	155	152	74	71	0.005131
677	152	149	74	71	0.002402
678	149	146	74	71	0.001229
679	78	159	74	70	0.070562
680	159	155	74	70	0.022145
681	155	151	74	70	0.007881
682	151	147	74	70	0.003056
683	76	77	75	74	0.161447
684	77	78	75	74	0.047203
685	78	79	75	74	0.023428
686	80	160	75	74	0.008902
687	160	159	75	74	0.006925
688	159	158	75	74	0.004456
689	158	157	75	74	0.002831
690	77	79	75	73	0.095713
691	79	160	75	73	0.038315
692	160	158	75	73	0.019658
693	158	156	75	73	0.008417
694	156	154	75	73	0.005087
695	154	152	75	73	0.002814
696	152	150	75	73	0.001624
697	150	148	75	73	0.001048
698	78	160	75	72	0.082906
699	160	157	75	72	0.031421
700	157	154	75	72	0.011232
701	154	151	75	72	0.004954
702	151	148	75	72	0.002436
703	148	145	75	72	0.001187
704	79	158	75	71	0.076960
705	158	154	75	71	0.020186
706	154	150	75	71	0.007051
707	150	146	75	71	0.002829
708	77	78	76	75	0.185396
709	78	79	76	75	0.045733
710	79	80	76	75	0.027156
711	80	160	76	75	0.015792
712	160	159	76	75	0.010752
713	159	158	76	75	0.006470
714	158	157	76	75	0.003913
715	157	156	76	75	0.002562
716	78	80	76	74	0.106765
717	80	159	76	74	0.042375
718	159	157	76	74	0.017670
719	157	155	76	74	0.008126
720	155	153	76	74	0.004905
721	153	151	76	74	0.002370
722	151	149	76	74	0.001569
723	149	147	76	74	0.000928
724	79	159	76	73	0.103921
725	159	156	76	73	0.029107
726	156	153	76	73	0.011551
727	153	150	76	73	0.004483
728	150	147	76	73	0.002278
729	80	157	76	72	0.087487
730	157	153	76	72	0.020837
731	153	149	76	72	0.006625
732	149	145	76	72	0.002595
733	78	79	77	76	0.189340
734	79	80	77	76	0.073164
735	80	160	77	76	0.035751
736	160	159	77	76	0.020675
737	159	158	77	76	0.011369
738	158	157	77	76	0.006460
739	157	156	77	76	0.004023
740	156	155	77	76	0.003071
741	79	160	77	75	0.151854
742	160	158	77	75	0.049270
743	158	156	77	75	0.016961
744	156	154	77	75	0.008951
745	154	152	77	75	0.004582
746	152	150	77	75	0.002455
747	150	148	77	75	0.001524
748	148	146	77	75	0.000896
749	80	158	77	74	0.121173
750	158	155	77	74	0.028422
751	155	152	77	74	0.011214
752	152	149	77	74	0.004546
753	149	146	77	74	0.002120
754	160	156	77	73	0.094302
755	156	152	77	73	0.021427
756	152	148	77	73	0.006654
757	79	80	78	77	0.351688
758	80	160	78	77	0.109377
759	160	159	78	77	0.051206
760	159	158	78	77	0.024446
761	158	157	78	77	0.012740
762	157	156	78	77	0.007399
763	156	155	78	77	0.005371
764	155	154	78	77	0.003885
765	80	159	78	76	0.217031
766	159	157	78	76	0.055017
767	157	155	78	76	0.019865
768	155	153	78	76	0.010606
769	153	151	78	76	0.004691
770	151	149	78	76	0.002906
771	149	147	78	76	0.001635
772	147	145	78	76	0.000958
773	160	157	78	75	0.148022
774	157	154	78	75	0.032197
775	154	151	78	75	0.011581
776	151	148	78	75	0.004946
777	148	145	78	75	0.002192
778	159	155	78	74	0.100699
779	155	151	78	74	0.022581
780	151	147	78	74	0.007036
781	80	160	79	78	0.392092
782	160	159	79	78	0.116314
783	159	158	79	78	0.043749
784	158	157	79	78	0.020207
785	157	156	79	78	0.010739
786	156	155	79	78	0.007349
787	155	154	79	78	0.005122
788	154	153	79	78	0.003533
789	160	158	79	77	0.235695
790	158	156	79	77	0.051078
791	156	154	79	77	0.021723
792	154	152	79	77	0.010000
793	152	150	79	77	0.004910
794	150	148	79	77	0.002850
795	148	146	79	77	0.001606
796	159	156	79	76	0.141126
797	156	153	79	76	0.035047
798	153	150	79	76	0.011056
799	150	147	79	76	0.004933
800	158	154	79	75	0.098713
801	154	150	79	75	0.021951
802	150	146	79	75	0.006871
803	160	159	80	79	0.533265
804	159	158	80	79	0.118614
805	158	157	80	79	0.043667
806	157	156	80	79	0.020530
807	156	155	80	79	0.012932
808	155	154	80	79	0.008481
809	154	153	80	79	0.005607
810	153	152	80	79	0.003140
811	159	157	80	78	0.226230
812	157	155	80	78	0.051544
813	155	153	80	78	0.022743
814	153	151	80	78	0.008892
815	151	149	80	78	0.005060
816	149	147	80	78	0.002685
817	147	145	80	78	0.001504
818	158	155	80	77	0.140926
819	155	152	80	77	0.036228
820	152	149	80	77	0.011762
821	149	146	80	77	0.004863
822	157	153	80	76	0.104750
823	153	149	80	76	0.021552
824	149	145	80	76	0.006778
825	159	158	160	80	0.637933
826	158	157	160	80	0.127697
827	157	156	160	80	0.046100
828	156	155	160	80	0.024804
829	155	154	160	80	0.014613
830	154	153	160	80	0.008962
831	153	152	160	80	0.004716
832	152	151	160	80	0.003129
833	158	156	160	79	0.237975
834	156	154	160	79	0.060815
835	154	152	160	79	0.022426
836	152	150	160	79	0.009330
837	150	148	160	79	0.004955
838	148	146	160	79	0.002625
839	157	154	160	78	0.150636
840	154	151	160	78	0.034839
841	151	148	160	78	0.011674
842	148	145	160	78	0.004572
843	156	152	160	77	0.114957
844	152	148	160	77	0.022052
845	158	157	159	160	0.697925
846	157	156	159	160	0.157269
847	156	155	159	160	0.066749
848	155	154	159	160	0.034480
849	154	153	159	160	0.019347
850	153	152	159	160	0.009391
851	152	151	159	160	0.005767
852	151	150	159	160	0.004020
853	157	155	159	80	0.294914
854	155	153	159	80	0.077398
855	153	151	159	80	0.023005
856	151	149	159	80	0.010752
857	149	147	159	80	0.005146
858	147	145	159	80	0.002682
859	156	153	159	79	0.195958
860	153	150	159	79	0.036367
861	150	147	159	79	0.012418
862	155	151	159	78	0.132037
863	151	147	159	78	0.023645
864	157	156	158	159	0.588644
865	156	155	158	159	0.157879
866	155	154	158	159	0.066924
867	154	153	158	159	0.033573
868	153	152	158	159	0.014946
869	152	151	158	159	0.008425
870	151	150	158	159	0.005584
871	150	149	158	159	0.003663
872	156	154	158	160	0.326012
873	154	152	158	160	0.077264
874	152	150	158	160	0.023797
875	150	148	158	160	0.010621
876	148	146	158	160	0.004998
877	155	152	158	80	0.206961
878	152	149	158	80	0.037315
879	149	146	158	80	0.011740
880	154	150	158	79	0.132810
881	150	146	158	79	0.023170
882	156	155	157	158	0.650085
883	155	154	157	158	0.174959
884	154	153	157	158	0.072028
885	153	152	157	158	0.028267
886	152	151	157	158	0.014130
887	151	150	157	158	0.008669
888	150	149	157	158	0.005326
889	149	148	157	158	0.003198
890	155	153	157	159	0.347491
891	153	151	157	159	0.065765
892	151	149	157	159	0.023241
893	149	147	157	159	0.009321
894	147	145	157	159	0.004257
895	154	151	157	160	0.205869
896	151	148	157	160	0.037397
897	148	145	157	160	0.010966
898	153	149	157	80	0.122753
899	149	145	157	80	0.021379
900	155	154	156	157	0.710303
901	154	153	156	157	0.190896
902	153	152	156	157	0.062295
903	152	151	156	157	0.026590
904	151	150	156	157	0.014778
905	150	149	156	157	0.008394
906	149	148	156	157	0.004780
907	148	147	156	157	0.003057
908	154	152	156	158	0.353470
909	152	150	156	158	0.064163
910	150	148	156	158	0.021704
911	148	146	156	158	0.008567
912	153	150	156	159	0.183673
913	150	147	156	159	0.034511
914	152	148	156	160	0.120264
915	154	153	155	156	0.805257
916	153	152	155	156	0.180648
917	152	151	155	156	0.060800
918	151	150	155	156	0.029459
919	150	149	155	156	0.015165
920	149	148	155	156	0.008064
921	148	147	155	156	0.004897
922	147	146	155	156	0.002973
923	153	151	155	157	0.330334
924	151	149	155	157	0.067790
925	149	147	155	157	0.020799
926	147	145	155	157	0.008020
927	152	149	155	158	0.183320
928	149	146	155	158	0.032487
929	151	147	155	159	0.121123
930	153	152	154	155	0.808947
931	152	151	154	155	0.167111
932	151	150	154	155	0.063816
933	150	149	154	155	0.028175
934	149	148	154	155	0.013608
935	148	147	154	155	0.007718
936	147	146	154	155	0.004426
937	146	145	154	155	0.002656
938	152	150	154	156	0.321186
939	150	148	154	156	0.065014
940	148	146	154	156	0.020019
941	151	148	154	157	0.186226
942	148	145	154	157	0.030811
943	150	146	154	158	0.115302
944	152	151	153	154	0.782641
945	151	150	153	154	0.182050
946	150	149	153	154	0.061917
947	149	148	153	154	0.025734
948	148	147	153	154	0.013238
949	147	146	153	154	0.007064
950	146	145	153	154	0.003972
951	151	149	153	155	0.335941
952	149	147	153	155	0.060298
953	147	145	153	155	0.018114
954	150	147	153	156	0.178506
955	149	145	153	157	0.107263
956	151	150	152	153	0.870642
957	150	149	152	153	0.162229
958	149	148	152	153	0.050758
959	148	147	152	153	0.022446
960	147	146	152	153	0.010800
961	146	145	152	153	0.005576
962	150	148	152	154	0.300600
963	148	146	152	154	0.053547
964	149	146	152	155	0.155794
965	150	149	151	152	1.006072
966	149	148	151	152	0.165170
967	148	147	151	152	0.055523
968	147	146	151	152	0.022857
969	146	145	151	152	0.010534
970	149	147	151	153	0.293890
971	147	145	151	153	0.049771
972	148	145	151	154	0.152016
973	149	148	150	151	1.001674
974	148	147	150	151	0.176751
975	147	146	150	151	0.054447
976	146	145	150	151	0.021071
977	148	146	150	152	0.309569
978	148	147	149	150	1.208729
979	147	146	149	150	0.190609
980	146	145	149	150	0.051731
981	147	145	149	151	0.317860
982	147	146	148	149	1.323672
983	146	145	148	149	0.157488
984	146	145	147	148	1.276250
