983
1	147	148	146	145	1.234784
2	148	149	146	145	0.152023
3	149	150	146	145	0.050634
4	150	151	146	145	0.020845
5	151	152	146	145	0.010472
6	152	153	146	145	0.005546
7	153	154	146	145	0.003967
8	154	155	146	145	0.002655
9	148	149	147	146	1.291690
10	149	150	147	146	0.184746
11	150	151	147	146	0.053488
12	151	152	147	146	0.022632
13	152	153	147	146	0.010718
14	153	154	147	146	0.007052
15	154	155	147	146	0.004428
16	155	156	147	146	0.002976
17	149	151	147	145	0.309701
18	151	153	147	145	0.049365
19	153	155	147	145	0.018109
20	155	157	147	145	0.008063
21	157	159	147	145	0.004266
22	159	80	147	145	0.002677
23	80	78	147	145	0.001506
24	78	76	147	145	0.000960
25	149	150	148	147	1.171012
26	150	151	148	147	0.171334
27	151	152	148	147	0.054304
28	152	153	148	147	0.022066
29	153	154	148	147	0.013118
30	154	155	148	147	0.007666
31	155	156	148	147	0.004876
32	156	157	148	147	0.003052
33	150	152	148	146	0.301771
34	152	154	148	146	0.052951
35	154	156	148	146	0.019945
36	156	158	148	146	0.008555
37	158	160	148	146	0.004987
38	160	79	148	146	0.002624
39	79	77	148	146	0.001596
40	77	75	148	146	0.000899
41	151	154	148	145	0.149875
42	154	157	148	145	0.030744
43	157	160	148	145	0.010957
44	160	78	148	145	0.004572
45	78	75	148	145	0.002193
46	75	72	148	145	0.001186
47	72	69	148	145	0.000817
48	69	66	148	145	0.000651
49	150	151	149	148	0.973321
50	151	152	149	148	0.160091
51	152	153	149	148	0.049490
52	153	154	149	148	0.025349
53	154	155	149	148	0.013469
54	155	156	149	148	0.007993
55	156	157	149	148	0.004759
56	157	158	149	148	0.003178
57	151	153	149	147	0.285951
58	153	155	149	147	0.059602
59	155	157	149	147	0.020688
60	157	159	149	147	0.009245
61	159	80	149	147	0.005128
62	80	78	149	147	0.002676
63	78	76	149	147	0.001637
64	76	74	149	147	0.000930
65	152	155	149	146	0.153352
66	155	158	149	146	0.032334
67	158	80	149	146	0.011719
68	80	77	149	146	0.004833
69	77	74	149	146	0.002123
70	74	71	149	146	0.001253
71	71	68	149	146	0.001002
72	68	65	149	146	0.000625
73	153	157	149	145	0.106448
74	157	80	149	145	0.021322
75	80	76	149	145	0.006767
76	76	72	149	145	0.002589
77	72	68	149	145	0.001653
78	151	152	150	149	0.981915
79	152	153	150	149	0.156690
80	153	154	150	149	0.060519
81	154	155	150	149	0.027700
82	155	156	150	149	0.014963
83	156	157	150	149	0.008342
84	157	158	150	149	0.005269
85	158	159	150	149	0.003647
86	152	154	150	148	0.292030
87	154	156	150	148	0.064119
88	156	158	150	148	0.021552
89	158	160	150	148	0.010547
90	160	79	150	148	0.004936
91	79	77	150	148	0.002835
92	77	75	150	148	0.001518
93	75	73	150	148	0.001049
94	153	156	150	147	0.175630
95	156	159	150	147	0.034320
96	159	79	150	147	0.012360
97	79	76	150	147	0.004913
98	76	73	150	147	0.002277
99	73	70	150	147	0.001403
100	70	67	150	147	0.001144
101	154	158	150	146	0.114162
102	158	79	150	146	0.023096
103	79	75	150	146	0.006850
104	75	71	150	146	0.002841
105	71	67	150	146	0.001933
106	152	153	151	150	0.850256
107	153	154	151	150	0.177245
108	154	155	151	150	0.062461
109	155	156	151	150	0.028967
110	156	157	151	150	0.014635
111	157	158	151	150	0.008567
112	158	159	151	150	0.005551
113	159	160	151	150	0.003989
114	153	155	151	149	0.327916
115	155	157	151	149	0.066901
116	157	159	151	149	0.023042
117	159	80	151	149	0.010676
118	80	78	151	149	0.005034
119	78	76	151	149	0.002900
120	76	74	151	149	0.001568
121	74	72	151	149	0.001087
122	154	157	151	148	0.183276
123	157	160	151	148	0.037105
124	160	78	151	148	0.011616
125	78	75	151	148	0.004927
126	75	72	151	148	0.002436
127	72	69	151	148	0.001575
128	69	66	151	148	0.001190
129	155	159	151	147	0.119865
130	159	78	151	147	0.023513
131	78	74	151	147	0.007029
132	74	70	151	147	0.003091
133	70	66	151	147	0.002048
134	153	154	152	151	0.764174
135	154	155	152	151	0.162589
136	155	156	152	151	0.059440
137	156	157	152	151	0.026218
138	157	158	152	151	0.013909
139	158	159	152	151	0.008362
140	159	160	152	151	0.005710
141	160	80	152	151	0.003104
142	154	156	152	150	0.313424
143	156	158	152	150	0.063325
144	158	160	152	150	0.023603
145	160	79	152	150	0.009271
146	79	77	152	150	0.004876
147	77	75	152	150	0.002452
148	75	73	152	150	0.001623
149	73	71	152	150	0.001046
150	155	158	152	149	0.180290
151	158	80	152	149	0.037047
152	80	77	152	149	0.011690
153	77	74	152	149	0.004539
154	74	71	152	149	0.002459
155	71	68	152	149	0.001854
156	68	65	152	149	0.001093
157	156	160	152	148	0.119020
158	160	77	152	148	0.021923
159	77	73	152	148	0.006649
160	73	69	152	148	0.003257
161	69	65	152	148	0.002094
162	154	155	153	152	0.788721
163	155	156	153	152	0.175470
164	156	157	153	152	0.060936
165	157	158	153	152	0.027621
166	158	159	153	152	0.014729
167	159	160	153	152	0.009237
168	160	80	153	152	0.004647
169	80	79	153	152	0.003102
170	155	157	153	151	0.322057
171	157	159	153	151	0.064620
172	159	80	153	151	0.022697
173	80	78	153	151	0.008806
174	78	76	153	151	0.004663
175	76	74	153	151	0.002365
176	74	72	153	151	0.001575
177	72	70	153	151	0.001132
178	156	159	153	150	0.180514
179	159	79	153	150	0.035948
180	79	76	153	150	0.010979
181	76	73	153	150	0.004470
182	73	70	153	150	0.002518
183	70	67	153	150	0.001930
184	157	80	153	149	0.121012
185	80	76	153	149	0.021394
186	76	72	153	149	0.006600
187	72	68	153	149	0.003637
188	155	156	154	153	0.788634
189	156	157	154	153	0.187016
190	157	158	154	153	0.070379
191	158	159	154	153	0.033081
192	159	160	154	153	0.019023
193	160	80	154	153	0.008856
194	80	79	154	153	0.005547
195	79	78	154	153	0.003490
196	156	158	154	152	0.345948
197	158	160	154	152	0.076078
198	160	79	154	152	0.022159
199	79	77	154	152	0.009885
200	77	75	154	152	0.004556
201	75	73	154	152	0.002806
202	73	71	154	152	0.001707
203	71	69	154	152	0.001419
204	157	160	154	151	0.202044
205	160	78	154	151	0.034448
206	78	75	154	151	0.011503
207	75	72	154	151	0.004938
208	72	69	154	151	0.002920
209	69	66	154	151	0.002055
210	158	79	154	150	0.131096
211	79	75	154	150	0.021774
212	75	71	154	150	0.007180
213	71	67	154	150	0.004293
214	156	157	155	154	0.699277
215	157	158	155	154	0.170600
216	158	159	155	154	0.065798
217	159	160	155	154	0.033838
218	160	80	155	154	0.014406
219	80	79	155	154	0.008385
220	79	78	155	154	0.005050
221	78	77	155	154	0.003848
222	157	159	155	153	0.339858
223	159	80	155	153	0.076128
224	80	78	155	153	0.022464
225	78	76	155	153	0.010534
226	76	74	155	153	0.004881
227	74	72	155	153	0.003056
228	72	70	155	153	0.002089
229	70	68	155	153	0.001756
230	158	80	155	152	0.203627
231	80	77	155	152	0.035811
232	77	74	155	152	0.011173
233	74	71	155	152	0.005260
234	71	68	155	152	0.003654
235	68	65	155	152	0.001992
236	159	78	155	151	0.130090
237	78	74	155	151	0.022443
238	74	70	155	151	0.007851
239	70	66	155	151	0.004514
240	157	158	156	155	0.633078
241	158	159	156	155	0.154281
242	159	160	156	155	0.065144
243	160	80	156	155	0.024354
244	80	79	156	155	0.012731
245	79	78	156	155	0.007219
246	78	77	156	155	0.005305
247	77	76	156	155	0.003052
248	158	160	156	154	0.319064
249	160	79	156	154	0.059861
250	79	77	156	154	0.021425
251	77	75	156	154	0.008884
252	75	73	156	154	0.005065
253	73	71	156	154	0.002898
254	71	69	156	154	0.002353
255	69	67	156	154	0.001887
256	159	79	156	153	0.192272
257	79	76	156	153	0.034644
258	76	73	156	153	0.011482
259	73	70	156	153	0.005699
260	70	67	156	153	0.004024
261	160	77	156	152	0.113326
262	77	73	156	152	0.021316
263	73	69	156	152	0.008381
264	69	65	156	152	0.004726
265	158	159	157	156	0.577650
266	159	160	157	156	0.153118
267	160	80	157	156	0.045158
268	80	79	157	156	0.020185
269	79	78	157	156	0.010560
270	78	77	157	156	0.007305
271	77	76	157	156	0.004006
272	76	75	157	156	0.002545
273	159	80	157	155	0.287764
274	80	78	157	155	0.050697
275	78	76	157	155	0.019671
276	76	74	157	155	0.008071
277	74	72	157	155	0.004689
278	72	70	157	155	0.003034
279	70	68	157	155	0.002448
280	68	66	157	155	0.001511
281	160	78	157	154	0.148032
282	78	75	157	154	0.031885
283	75	72	157	154	0.011173
284	72	69	157	154	0.005889
285	69	66	157	154	0.003839
286	80	76	157	153	0.103356
287	76	72	157	153	0.020705
288	72	68	157	153	0.009325
289	159	160	158	157	0.678748
290	160	80	158	157	0.123910
291	80	79	158	157	0.042620
292	79	78	158	157	0.019759
293	78	77	158	157	0.012521
294	77	76	158	157	0.006398
295	76	75	158	157	0.003848
296	75	74	158	157	0.002825
297	160	79	158	156	0.231866
298	79	77	158	156	0.050151
299	77	75	158	156	0.016791
300	75	73	158	156	0.008371
301	73	71	158	156	0.004339
302	71	69	158	156	0.003434
303	69	67	158	156	0.002574
304	67	65	158	156	0.001315
305	80	77	158	155	0.138224
306	77	74	158	155	0.028203
307	74	71	158	155	0.010783
308	71	68	158	155	0.006782
309	68	65	158	155	0.003336
310	79	75	158	154	0.097264
311	75	71	158	154	0.020666
312	71	67	158	154	0.010245
313	160	80	159	158	0.623015
314	80	79	159	158	0.115021
315	79	78	159	158	0.042520
316	78	77	159	158	0.023932
317	77	76	159	158	0.011240
318	76	75	159	158	0.006360
319	75	74	159	158	0.004454
320	74	73	159	158	0.003223
321	80	78	159	157	0.219919
322	78	76	159	157	0.054085
323	76	74	159	157	0.017488
324	74	72	159	157	0.008922
325	72	70	159	157	0.005284
326	70	68	159	157	0.003970
327	68	66	159	157	0.002341
328	79	76	159	156	0.138232
329	76	73	159	156	0.028794
330	73	70	159	156	0.011551
331	70	67	159	156	0.007185
332	78	74	159	155	0.099308
333	74	70	159	155	0.021930
334	70	66	159	155	0.010269
335	80	79	160	159	0.519655
336	79	78	160	159	0.112619
337	78	77	160	159	0.049925
338	77	76	160	159	0.020347
339	76	75	160	159	0.010543
340	75	74	160	159	0.006922
341	74	73	160	159	0.004859
342	73	72	160	159	0.003108
343	79	77	160	158	0.228965
344	77	75	160	158	0.048472
345	75	73	160	158	0.019443
346	73	71	160	158	0.008236
347	71	69	160	158	0.007245
348	69	67	160	158	0.004549
349	67	65	160	158	0.002257
350	78	75	160	157	0.145097
351	75	72	160	157	0.031073
352	72	69	160	157	0.013237
353	69	66	160	157	0.007586
354	77	73	160	156	0.093086
355	73	69	160	156	0.023251
356	69	65	160	156	0.010700
357	79	78	80	160	0.382093
358	78	77	80	160	0.105933
359	77	76	80	160	0.035715
360	76	75	80	160	0.015491
361	75	74	80	160	0.008988
362	74	73	80	160	0.006267
363	73	72	80	160	0.003675
364	78	76	80	159	0.211892
365	76	74	80	159	0.041888
366	74	72	80	159	0.017924
367	72	70	80	159	0.009299
368	70	68	80	159	0.006460
369	68	66	80	159	0.003606
370	77	74	80	158	0.119858
371	68	65	80	158	0.006623
372	76	72	80	157	0.086220
373	72	68	80	157	0.025025
374	78	77	79	80	0.343008
375	77	76	79	80	0.071239
376	76	75	79	80	0.026481
377	74	73	79	80	0.012803
378	73	72	79	80	0.004909
379	77	75	79	160	0.148787
380	75	73	79	160	0.037782
381	73	71	79	160	0.012143
382	71	69	79	160	0.011429
383	69	67	79	160	0.006027
384	67	65	79	160	0.002821
385	76	73	79	159	0.102046
386	73	70	79	159	0.027208
387	70	67	79	159	0.014046
388	75	71	79	158	0.074863
389	71	67	79	158	0.031996
390	77	76	78	79	0.184275
391	76	75	78	79	0.044285
392	75	74	78	79	0.023303
393	74	73	78	79	0.006309
394	73	72	78	79	0.005550
395	70	69	78	79	0.002157
396	76	74	78	80	0.104103
397	74	72	78	80	0.029266
398	72	70	78	80	0.012879
399	70	68	78	80	0.008121
400	68	66	78	80	0.004240
401	75	72	78	160	0.081520
402	72	69	78	160	0.023792
403	69	66	78	160	0.011599
404	74	70	78	159	0.069495
405	70	66	78	159	0.022444
406	76	75	77	78	0.178585
407	75	74	77	78	0.046604
408	74	73	77	78	0.017266
409	73	72	77	78	0.008907
410	72	71	77	78	0.007287
411	71	70	77	78	0.002246
412	70	69	77	78	0.002896
413	69	68	77	78	0.002474
414	75	73	77	79	0.093469
415	73	71	77	79	0.030667
416	69	67	77	79	0.007367
417	67	65	77	79	0.003150
418	74	71	77	80	0.107959
419	68	65	77	80	0.008935
420	73	69	77	160	0.059264
421	69	65	77	160	0.019354
422	75	74	76	77	0.155322
423	74	73	76	77	0.035601
424	73	72	76	77	0.013365
425	72	71	76	77	0.007940
426	71	70	76	77	0.004037
427	70	69	76	77	0.003114
428	69	68	76	77	0.002594
429	68	67	76	77	0.001646
430	74	72	76	78	0.074974
431	72	70	76	78	0.021511
432	70	68	76	78	0.011074
433	68	66	76	78	0.005180
434	73	70	76	79	0.055978
435	70	67	76	79	0.019762
436	72	68	76	80	0.053583
437	74	73	75	76	0.136600
438	73	72	75	76	0.029762
439	72	71	75	76	0.012994
440	71	70	75	76	0.006688
441	70	69	75	76	0.004322
442	69	68	75	76	0.003286
443	68	67	75	76	0.001960
444	67	66	75	76	0.001098
445	73	71	75	77	0.064074
446	71	69	75	77	0.018143
447	69	67	75	77	0.009483
448	67	65	75	77	0.003771
449	72	69	75	78	0.051518
450	69	66	75	78	0.016581
451	71	67	75	79	0.039621
452	73	72	74	75	0.128986
453	72	71	74	75	0.033483
454	71	70	74	75	0.014309
455	70	69	74	75	0.007649
456	69	68	74	75	0.005203
457	68	67	74	75	0.002901
458	67	66	74	75	0.001504
459	66	65	74	75	0.001185
460	72	70	74	76	0.067447
461	70	68	74	76	0.020448
462	68	66	74	76	0.007456
463	71	68	74	77	0.051265
464	68	65	74	77	0.012951
465	70	66	74	78	0.044146
466	72	71	73	74	0.139107
467	71	70	73	74	0.035303
468	70	69	73	74	0.014535
469	69	68	73	74	0.008369
470	68	67	73	74	0.004177
471	67	66	73	74	0.002067
472	66	65	73	74	0.001552
473	71	69	73	75	0.071804
474	69	67	73	75	0.020634
475	67	65	73	75	0.006287
476	70	67	73	76	0.052365
477	69	65	73	77	0.040177
478	71	70	72	73	0.138382
479	70	69	72	73	0.032827
480	69	68	72	73	0.014477
481	68	67	72	73	0.006171
482	67	66	72	73	0.002781
483	66	65	72	73	0.001965
484	70	68	72	74	0.070202
485	68	66	72	74	0.015190
486	69	66	72	75	0.047633
487	70	69	71	72	0.141723
488	69	68	71	72	0.034665
489	68	67	71	72	0.010882
490	67	66	71	72	0.004744
491	66	65	71	72	0.002604
492	69	67	71	73	0.066168
493	67	65	71	73	0.012085
494	68	65	71	74	0.036898
495	69	68	70	71	0.154005
496	68	67	70	71	0.029447
497	67	66	70	71	0.008764
498	66	65	70	71	0.005540
499	68	66	70	72	0.053789
500	68	67	69	70	0.109916
501	67	66	69	70	0.021682
502	66	65	69	70	0.010319
503	67	65	69	71	0.046292
504	67	66	68	69	0.160502
505	66	65	68	69	0.042404
506	66	65	67	68	0.200038
507	68	69	67	66	0.160331
508	72	73	67	66	0.002757
509	69	71	67	65	0.046453
510	73	75	67	65	0.006144
511	79	160	67	65	0.002825
512	160	158	67	65	0.002264
513	158	156	67	65	0.001320
514	69	70	68	67	0.109890
515	70	71	68	67	0.029385
516	72	73	68	67	0.006177
517	73	74	68	67	0.004192
518	76	77	68	67	0.001604
519	70	72	68	66	0.053724
520	72	74	68	66	0.015187
521	76	78	68	66	0.005178
522	80	159	68	66	0.003598
523	159	157	68	66	0.002346
524	157	155	68	66	0.001512
525	71	74	68	65	0.036658
526	74	77	68	65	0.012905
527	77	80	68	65	0.008960
528	80	158	68	65	0.006609
529	158	155	68	65	0.003373
530	155	152	68	65	0.001988
531	152	149	68	65	0.001088
532	149	146	68	65	0.000623
533	70	71	69	68	0.153365
534	71	72	69	68	0.034780
535	72	73	69	68	0.014495
536	73	74	69	68	0.008300
537	74	75	69	68	0.005243
538	75	76	69	68	0.003300
539	76	77	69	68	0.002598
540	77	78	69	68	0.002454
541	71	73	69	67	0.066305
542	73	75	69	67	0.020767
543	75	77	69	67	0.009372
544	77	79	69	67	0.007340
545	79	160	69	67	0.006032
546	160	158	69	67	0.004549
547	158	156	69	67	0.002570
548	156	154	69	67	0.001880
549	72	75	69	66	0.047616
550	75	78	69	66	0.016597
551	78	160	69	66	0.011621
552	160	157	69	66	0.007587
553	157	154	69	66	0.003849
554	154	151	69	66	0.002069
555	151	148	69	66	0.001192
556	148	145	69	66	0.000650
557	73	77	69	65	0.040134
558	77	160	69	65	0.019403
559	160	156	69	65	0.010701
560	156	152	69	65	0.004691
561	152	148	69	65	0.002081
562	71	72	70	69	0.136673
563	72	73	70	69	0.032706
564	73	74	70	69	0.014582
565	74	75	70	69	0.007584
566	75	76	70	69	0.004285
567	76	77	70	69	0.003115
568	77	78	70	69	0.002902
569	72	74	70	68	0.070071
570	74	76	70	68	0.020439
571	76	78	70	68	0.011073
572	78	80	70	68	0.008106
573	80	159	70	68	0.006482
574	159	157	70	68	0.003972
575	157	155	70	68	0.002450
576	155	153	70	68	0.001756
577	73	76	70	67	0.052404
578	76	79	70	67	0.019695
579	79	159	70	67	0.014032
580	159	156	70	67	0.007181
581	156	153	70	67	0.004028
582	153	150	70	67	0.001932
583	150	147	70	67	0.001143
584	74	78	70	66	0.044145
585	78	159	70	66	0.022437
586	159	155	70	66	0.010273
587	155	151	70	66	0.004523
588	151	147	70	66	0.002039
589	72	73	71	70	0.138606
590	73	74	71	70	0.035450
591	74	75	71	70	0.014439
592	75	76	71	70	0.006847
593	76	77	71	70	0.004264
594	73	75	71	69	0.072024
595	75	77	71	69	0.018464
596	79	160	71	69	0.010783
597	158	156	71	69	0.003841
598	156	154	71	69	0.002527
599	154	152	71	69	0.001506
600	74	77	71	68	0.051610
601	158	155	71	68	0.007302
602	155	152	71	68	0.003811
603	152	149	71	68	0.001914
604	149	146	71	68	0.001033
605	75	79	71	67	0.041460
606	79	158	71	67	0.030933
607	158	154	71	67	0.010857
608	154	150	71	67	0.004421
609	150	146	71	67	0.001966
610	73	74	72	71	0.139241
611	74	75	72	71	0.033409
612	75	76	72	71	0.012861
613	76	77	72	71	0.007713
614	77	78	72	71	0.007213
615	74	76	72	70	0.067413
616	76	78	72	70	0.021540
617	78	80	72	70	0.012903
618	80	159	72	70	0.009308
619	159	157	72	70	0.005283
620	157	155	72	70	0.003041
621	155	153	72	70	0.002091
622	153	151	72	70	0.001134
623	75	78	72	69	0.051487
624	78	160	72	69	0.023795
625	160	157	72	69	0.013238
626	157	154	72	69	0.005892
627	154	151	72	69	0.002924
628	151	148	72	69	0.001572
629	148	145	72	69	0.000821
630	76	80	72	68	0.053623
631	80	157	72	68	0.025035
632	157	153	72	68	0.009333
633	153	149	72	68	0.003648
634	149	145	72	68	0.001640
635	74	75	73	72	0.129231
636	75	76	73	72	0.029871
637	76	77	73	72	0.013656
638	77	78	73	72	0.008612
639	78	79	73	72	0.005539
640	79	80	73	72	0.004908
641	80	160	73	72	0.003645
642	160	159	73	72	0.003097
643	75	77	73	71	0.063992
644	77	79	73	71	0.029278
645	79	160	73	71	0.012685
646	158	156	73	71	0.003913
647	156	154	73	71	0.002707
648	154	152	73	71	0.001622
649	152	150	73	71	0.000997
650	76	79	73	70	0.056015
651	79	159	73	70	0.027199
652	159	156	73	70	0.011554
653	156	153	73	70	0.005701
654	153	150	73	70	0.002515
655	150	147	73	70	0.001393
656	77	160	73	69	0.059100
657	160	156	73	69	0.023245
658	156	152	73	69	0.008378
659	152	148	73	69	0.003213
660	75	76	74	73	0.136396
661	76	77	74	73	0.035143
662	77	78	74	73	0.018057
663	80	160	74	73	0.006261
664	160	159	74	73	0.004857
665	159	158	74	73	0.003228
666	76	78	74	72	0.075346
667	78	80	74	72	0.029284
668	80	159	74	72	0.017921
669	159	157	74	72	0.008939
670	157	155	74	72	0.004697
671	155	153	74	72	0.003062
672	153	151	74	72	0.001570
673	151	149	74	72	0.001094
674	158	155	74	71	0.010259
675	155	152	74	71	0.005104
676	152	149	74	71	0.002402
677	149	146	74	71	0.001230
678	78	159	74	70	0.069528
679	159	155	74	70	0.021987
680	155	151	74	70	0.007865
681	151	147	74	70	0.003096
682	76	77	75	74	0.156419
683	77	78	75	74	0.045874
684	78	79	75	74	0.022640
685	80	160	75	74	0.008837
686	160	159	75	74	0.006851
687	159	158	75	74	0.004420
688	158	157	75	74	0.002803
689	77	79	75	73	0.093567
690	79	160	75	73	0.037785
691	160	158	75	73	0.019441
692	158	156	75	73	0.008366
693	156	154	75	73	0.005058
694	154	152	75	73	0.002805
695	152	150	75	73	0.001623
696	150	148	75	73	0.001048
697	78	160	75	72	0.081483
698	160	157	75	72	0.031063
699	157	154	75	72	0.011173
700	154	151	75	72	0.004939
701	151	148	75	72	0.002434
702	148	145	75	72	0.001187
703	79	158	75	71	0.075896
704	158	154	75	71	0.020051
705	154	150	75	71	0.007046
706	150	146	75	71	0.002798
707	77	78	76	75	0.178494
708	78	79	76	75	0.044296
709	79	80	76	75	0.026499
710	80	160	76	75	0.015461
711	160	159	76	75	0.010535
712	159	158	76	75	0.006369
713	158	157	76	75	0.003846
714	157	156	76	75	0.002541
715	78	80	76	74	0.104051
716	80	159	76	74	0.041753
717	159	157	76	74	0.017460
718	157	155	76	74	0.008062
719	155	153	76	74	0.004877
720	153	151	76	74	0.002364
721	151	149	76	74	0.001566
722	149	147	76	74	0.000929
723	79	159	76	73	0.102029
724	159	156	76	73	0.028800
725	156	153	76	73	0.011485
726	153	150	76	73	0.004468
727	150	147	76	73	0.002270
728	80	157	76	72	0.086151
729	157	153	76	72	0.020705
730	153	149	76	72	0.006615
731	149	145	76	72	0.002555
732	78	79	77	76	0.183897
733	79	80	77	76	0.071590
734	80	160	77	76	0.035075
735	160	159	77	76	0.020315
736	159	158	77	76	0.011238
737	158	157	77	76	0.006388
738	157	156	77	76	0.004000
739	156	155	77	76	0.003053
740	79	160	77	75	0.148622
741	160	158	77	75	0.048453
742	158	156	77	75	0.016775
743	156	154	77	75	0.008886
744	154	152	77	75	0.004554
745	152	150	77	75	0.002453
746	150	148	77	75	0.001516
747	148	146	77	75	0.000898
748	80	158	77	74	0.119192
749	158	155	77	74	0.028152
750	155	152	77	74	0.011162
751	152	149	77	74	0.004527
752	149	146	77	74	0.002107
753	160	156	77	73	0.093030
754	156	152	77	73	0.021305
755	152	148	77	73	0.006645
756	79	80	78	77	0.342350
757	80	160	78	77	0.106486
758	160	159	78	77	0.049888
759	159	158	78	77	0.023967
760	158	157	78	77	0.012503
761	157	156	78	77	0.007306
762	156	155	78	77	0.005311
763	155	154	78	77	0.003847
764	80	159	78	76	0.211778
765	159	157	78	76	0.054096
766	157	155	78	76	0.019667
767	155	153	78	76	0.010536
768	153	151	78	76	0.004659
769	151	149	78	76	0.002900
770	149	147	78	76	0.001631
771	147	145	78	76	0.000957
772	160	157	78	75	0.145023
773	157	154	78	75	0.031886
774	154	151	78	75	0.011503
775	151	148	78	75	0.004934
776	148	145	78	75	0.002192
777	159	155	78	74	0.099273
778	155	151	78	74	0.022429
779	151	147	78	74	0.007020
780	80	160	79	78	0.381525
781	160	159	79	78	0.112461
782	159	158	79	78	0.042563
783	158	157	79	78	0.019723
784	157	156	79	78	0.010558
785	156	155	79	78	0.007224
786	155	154	79	78	0.005054
787	154	153	79	78	0.003490
788	160	158	79	77	0.228860
789	158	156	79	77	0.050097
790	156	154	79	77	0.021429
791	154	152	79	77	0.009885
792	152	150	79	77	0.004885
793	150	148	79	77	0.002835
794	148	146	79	77	0.001603
795	159	156	79	76	0.138250
796	156	153	79	76	0.034652
797	153	150	79	76	0.010975
798	150	147	79	76	0.004917
799	158	154	79	75	0.097176
800	154	150	79	75	0.021772
801	150	146	79	75	0.006845
802	160	159	80	79	0.518948
803	159	158	80	79	0.115133
804	158	157	80	79	0.042554
805	157	156	80	79	0.020182
806	156	155	80	79	0.012719
807	155	154	80	79	0.008378
808	154	153	80	79	0.005543
809	153	152	80	79	0.003097
810	159	157	80	78	0.219966
811	157	155	80	78	0.050682
812	155	153	80	78	0.022454
813	153	151	80	78	0.008802
814	151	149	80	78	0.005030
815	149	147	80	78	0.002667
816	147	145	80	78	0.001501
817	158	155	80	77	0.138072
818	155	152	80	77	0.035804
819	152	149	80	77	0.011684
820	149	146	80	77	0.004870
821	157	153	80	76	0.103342
822	153	149	80	76	0.021387
823	149	145	80	76	0.006763
824	159	158	160	80	0.623752
825	158	157	160	80	0.123926
826	157	156	160	80	0.045168
827	156	155	160	80	0.024356
828	155	154	160	80	0.014408
829	154	153	160	80	0.008860
830	153	152	160	80	0.004657
831	152	151	160	80	0.003101
832	158	156	160	79	0.231811
833	156	154	160	79	0.059854
834	154	152	160	79	0.022158
835	152	150	160	79	0.009267
836	150	148	160	79	0.004937
837	148	146	160	79	0.002624
838	157	154	160	78	0.148032
839	154	151	160	78	0.034453
840	151	148	160	78	0.011607
841	148	145	160	78	0.004570
842	156	152	160	77	0.113324
843	152	148	160	77	0.021921
844	158	157	159	160	0.679388
845	157	156	159	160	0.153295
846	156	155	159	160	0.065197
847	155	154	159	160	0.033863
848	154	153	159	160	0.019038
849	153	152	159	160	0.009245
850	152	151	159	160	0.005711
851	151	150	159	160	0.003982
852	157	155	159	80	0.288022
853	155	153	159	80	0.076175
854	153	151	159	80	0.022714
855	151	149	159	80	0.010675
856	149	147	159	80	0.005125
857	147	145	159	80	0.002678
858	156	153	159	79	0.192352
859	153	150	159	79	0.035957
860	150	147	159	79	0.012353
861	155	151	159	78	0.130146
862	151	147	159	78	0.023505
863	157	156	158	159	0.578148
864	156	155	158	159	0.154313
865	155	154	158	159	0.065781
866	154	153	158	159	0.033084
867	153	152	158	159	0.014723
868	152	151	158	159	0.008352
869	151	150	158	159	0.005557
870	150	149	158	159	0.003644
871	156	154	158	160	0.319135
872	154	152	158	160	0.076092
873	152	150	158	160	0.023602
874	150	148	158	160	0.010517
875	148	146	158	160	0.004979
876	155	152	158	80	0.203669
877	152	149	158	80	0.037046
878	149	146	158	80	0.011717
879	154	150	158	79	0.131120
880	150	146	158	79	0.023092
881	156	155	157	158	0.634042
882	155	154	157	158	0.170739
883	154	153	157	158	0.070459
884	153	152	157	158	0.027627
885	152	151	157	158	0.013917
886	151	150	157	158	0.008572
887	150	149	157	158	0.005276
888	149	148	157	158	0.003180
889	155	153	157	159	0.340067
890	153	151	157	159	0.064621
891	151	149	157	159	0.023041
892	149	147	157	159	0.009220
893	147	145	157	159	0.004272
894	154	151	157	160	0.202156
895	151	148	157	160	0.037115
896	148	145	157	160	0.010957
897	153	149	157	80	0.121059
898	149	145	157	80	0.021323
899	155	154	156	157	0.699339
900	154	153	156	157	0.187063
901	153	152	156	157	0.060902
902	152	151	156	157	0.026202
903	151	150	156	157	0.014628
904	150	149	156	157	0.008337
905	149	148	156	157	0.004758
906	148	147	156	157	0.003054
907	154	152	156	158	0.346052
908	152	150	156	158	0.063321
909	150	148	156	158	0.021548
910	148	146	156	158	0.008559
911	153	150	156	159	0.180475
912	150	147	156	159	0.034308
913	152	148	156	160	0.119017
914	154	153	155	156	0.789138
915	153	152	155	156	0.175415
916	152	151	155	156	0.059430
917	151	150	155	156	0.028957
918	150	149	155	156	0.014959
919	149	148	155	156	0.007990
920	148	147	155	156	0.004869
921	147	146	155	156	0.002980
922	153	151	155	157	0.321951
923	151	149	155	157	0.066882
924	149	147	155	157	0.020670
925	147	145	155	157	0.008061
926	152	149	155	158	0.180278
927	149	146	155	158	0.032334
928	151	147	155	159	0.119845
929	153	152	154	155	0.787898
930	152	151	154	155	0.162476
931	151	150	154	155	0.062415
932	150	149	154	155	0.027689
933	149	148	154	155	0.013457
934	148	147	154	155	0.007672
935	147	146	154	155	0.004432
936	146	145	154	155	0.002654
937	152	150	154	156	0.313267
938	150	148	154	156	0.064095
939	148	146	154	156	0.019936
940	151	148	154	157	0.183171
941	148	145	154	157	0.030735
942	150	146	154	158	0.114140
943	152	151	153	154	0.763437
944	151	150	153	154	0.177084
945	150	149	153	154	0.060474
946	149	148	153	154	0.025332
947	148	147	153	154	0.013106
948	147	146	153	154	0.007060
949	146	145	153	154	0.003961
950	151	149	153	155	0.327636
951	149	147	153	155	0.059560
952	147	145	153	155	0.018101
953	150	147	153	156	0.175532
954	149	145	153	157	0.106404
955	151	150	152	153	0.848450
956	150	149	152	153	0.156634
957	149	148	152	153	0.049465
958	148	147	152	153	0.022054
959	147	146	152	153	0.010730
960	146	145	152	153	0.005545
961	150	148	152	154	0.291885
962	148	146	152	154	0.052945
963	149	146	152	155	0.153289
964	150	149	151	152	0.981041
965	149	148	151	152	0.159963
966	148	147	151	152	0.054280
967	147	146	151	152	0.022645
968	146	145	151	152	0.010467
969	149	147	151	153	0.285751
970	147	145	151	153	0.049381
971	148	145	151	154	0.149827
972	149	148	150	151	0.971941
973	148	147	150	151	0.171227
974	147	146	150	151	0.053518
975	146	145	150	151	0.020828
976	148	146	150	152	0.301644
977	148	147	149	150	1.170173
978	147	146	149	150	0.184874
979	146	145	149	150	0.050583
980	147	145	149	151	0.309804
981	147	146	148	149	1.292274
982	146	145	148	149	0.151772
983	146	145	147	148	1.232329
