981
1	147	148	146	145	1.270734
2	148	149	146	145	0.158024
3	149	150	146	145	0.052149
4	150	151	146	145	0.021205
5	151	152	146	145	0.010601
6	152	153	146	145	0.005596
7	153	154	146	145	0.003988
8	154	155	146	145	0.002657
9	148	149	147	146	1.306887
10	149	150	147	146	0.191099
11	150	151	147	146	0.054759
12	151	152	147	146	0.022985
13	152	153	147	146	0.010829
14	153	154	147	146	0.007075
15	154	155	147	146	0.004432
16	155	156	147	146	0.002981
17	149	151	147	145	0.319216
18	151	153	147	145	0.050009
19	153	155	147	145	0.018155
20	155	157	147	145	0.008050
21	157	159	147	145	0.004259
22	159	80	147	145	0.002687
23	80	78	147	145	0.001500
24	78	76	147	145	0.000959
25	149	150	148	147	1.197091
26	150	151	148	147	0.177626
27	151	152	148	147	0.055983
28	152	153	148	147	0.022574
29	153	154	148	147	0.013319
30	154	155	148	147	0.007742
31	155	156	148	147	0.004914
32	156	157	148	147	0.003065
33	150	152	148	146	0.311391
34	152	154	148	146	0.053787
35	154	156	148	146	0.020079
36	156	158	148	146	0.008575
37	158	160	148	146	0.004992
38	160	79	148	146	0.002632
39	79	77	148	146	0.001602
40	77	75	148	146	0.000894
41	151	154	148	145	0.152942
42	154	157	148	145	0.030876
43	157	160	148	145	0.010987
44	160	78	148	145	0.004580
45	78	75	148	145	0.002192
46	75	72	148	145	0.001183
47	72	69	148	145	0.000819
48	69	66	148	145	0.000641
49	150	151	149	148	0.997307
50	151	152	149	148	0.166448
51	152	153	149	148	0.051176
52	153	154	149	148	0.025943
53	154	155	149	148	0.013703
54	155	156	149	148	0.008111
55	156	157	149	148	0.004795
56	157	158	149	148	0.003209
57	151	153	149	147	0.296189
58	153	155	149	147	0.060707
59	155	157	149	147	0.020882
60	157	159	149	147	0.009309
61	159	80	149	147	0.005187
62	80	78	149	147	0.002685
63	78	76	149	147	0.001634
64	76	74	149	147	0.000933
65	152	155	149	146	0.156808
66	155	158	149	146	0.032581
67	158	80	149	146	0.011771
68	80	77	149	146	0.004847
69	77	74	149	146	0.002120
70	74	71	149	146	0.001245
71	71	68	149	146	0.001005
72	68	65	149	146	0.000621
73	153	157	149	145	0.107804
74	157	80	149	145	0.021441
75	80	76	149	145	0.006779
76	76	72	149	145	0.002589
77	72	68	149	145	0.001647
78	151	152	150	149	1.000296
79	152	153	150	149	0.163068
80	153	154	150	149	0.062500
81	154	155	150	149	0.028416
82	155	156	150	149	0.015273
83	156	157	150	149	0.008435
84	157	158	150	149	0.005352
85	158	159	150	149	0.003668
86	152	154	150	148	0.302681
87	154	156	150	148	0.065497
88	156	158	150	148	0.021800
89	158	160	150	148	0.010638
90	160	79	150	148	0.004983
91	79	77	150	148	0.002856
92	77	75	150	148	0.001519
93	75	73	150	148	0.001041
94	153	156	150	147	0.179910
95	156	159	150	147	0.034616
96	159	79	150	147	0.012490
97	79	76	150	147	0.004929
98	76	73	150	147	0.002283
99	73	70	150	147	0.001401
100	70	67	150	147	0.001140
101	154	158	150	146	0.115934
102	158	79	150	146	0.023237
103	79	75	150	146	0.006871
104	75	71	150	146	0.002817
105	71	67	150	146	0.001954
106	152	153	151	150	0.861844
107	153	154	151	150	0.183143
108	154	155	151	150	0.064375
109	155	156	151	150	0.029680
110	156	157	151	150	0.014856
111	157	158	151	150	0.008717
112	158	159	151	150	0.005602
113	159	160	151	150	0.004049
114	153	155	151	149	0.338447
115	155	157	151	149	0.068247
116	157	159	151	149	0.023341
117	159	80	151	149	0.010820
118	80	78	151	149	0.005066
119	78	76	151	149	0.002906
120	76	74	151	149	0.001571
121	74	72	151	149	0.001089
122	154	157	151	148	0.187641
123	157	160	151	148	0.037576
124	160	78	151	148	0.011712
125	78	75	151	148	0.004943
126	75	72	151	148	0.002431
127	72	69	151	148	0.001580
128	69	66	151	148	0.001180
129	155	159	151	147	0.121761
130	159	78	151	147	0.023752
131	78	74	151	147	0.007042
132	74	70	151	147	0.003092
133	70	66	151	147	0.002024
134	153	154	152	151	0.780519
135	154	155	152	151	0.168676
136	155	156	152	151	0.061461
137	156	157	152	151	0.026840
138	157	158	152	151	0.014275
139	158	159	152	151	0.008479
140	159	160	152	151	0.005829
141	160	80	152	151	0.003151
142	154	156	152	150	0.324165
143	156	158	152	150	0.064681
144	158	160	152	150	0.023952
145	160	79	152	150	0.009388
146	79	77	152	150	0.004918
147	77	75	152	150	0.002462
148	75	73	152	150	0.001624
149	73	71	152	150	0.001033
150	155	158	152	149	0.184887
151	158	80	152	149	0.037545
152	80	77	152	149	0.011790
153	77	74	152	149	0.004556
154	74	71	152	149	0.002441
155	71	68	152	149	0.001864
156	68	65	152	149	0.001091
157	156	160	152	148	0.121068
158	160	77	152	148	0.022136
159	77	73	152	148	0.006645
160	73	69	152	148	0.003264
161	69	65	152	148	0.002065
162	154	155	153	152	0.808299
163	155	156	153	152	0.182076
164	156	157	153	152	0.062854
165	157	158	153	152	0.028575
166	158	159	153	152	0.015057
167	159	160	153	152	0.009507
168	160	80	153	152	0.004757
169	80	79	153	152	0.003152
170	155	157	153	151	0.333230
171	157	159	153	151	0.066382
172	159	80	153	151	0.023243
173	80	78	153	151	0.008930
174	78	76	153	151	0.004702
175	76	74	153	151	0.002391
176	74	72	153	151	0.001577
177	72	70	153	151	0.001135
178	156	159	153	150	0.185223
179	159	79	153	150	0.036678
180	79	76	153	150	0.011074
181	76	73	153	150	0.004485
182	73	70	153	150	0.002525
183	70	67	153	150	0.001927
184	157	80	153	149	0.123782
185	80	76	153	149	0.021605
186	76	72	153	149	0.006622
187	72	68	153	149	0.003667
188	155	156	154	153	0.801632
189	156	157	154	153	0.191686
190	157	158	154	153	0.072668
191	158	159	154	153	0.033787
192	159	160	154	153	0.019561
193	160	80	154	153	0.009058
194	80	79	154	153	0.005637
195	79	78	154	153	0.003542
196	156	158	154	152	0.355792
197	158	160	154	152	0.077910
198	160	79	154	152	0.022609
199	79	77	154	152	0.010026
200	77	75	154	152	0.004593
201	75	73	154	152	0.002816
202	73	71	154	152	0.001707
203	71	69	154	152	0.001445
204	157	160	154	151	0.207733
205	160	78	154	151	0.035074
206	78	75	154	151	0.011616
207	75	72	154	151	0.004957
208	72	69	154	151	0.002931
209	69	66	154	151	0.002055
210	158	79	154	150	0.133842
211	79	75	154	150	0.021995
212	75	71	154	150	0.007178
213	71	67	154	150	0.004306
214	156	157	155	154	0.706139
215	157	158	155	154	0.176105
216	158	159	155	154	0.067333
217	159	160	155	154	0.034895
218	160	80	155	154	0.014764
219	80	79	155	154	0.008529
220	79	78	155	154	0.005136
221	78	77	155	154	0.003899
222	157	159	155	153	0.349888
223	159	80	155	153	0.078277
224	80	78	155	153	0.022839
225	78	76	155	153	0.010649
226	76	74	155	153	0.004937
227	74	72	155	153	0.003063
228	72	70	155	153	0.002106
229	70	68	155	153	0.001752
230	158	80	155	152	0.208716
231	80	77	155	152	0.036383
232	77	74	155	152	0.011263
233	74	71	155	152	0.005254
234	71	68	155	152	0.003691
235	68	65	155	152	0.002003
236	159	78	155	151	0.133298
237	78	74	155	151	0.022666
238	74	70	155	151	0.007870
239	70	66	155	151	0.004519
240	157	158	156	155	0.648643
241	158	159	156	155	0.158501
242	159	160	156	155	0.067564
243	160	80	156	155	0.025098
244	80	79	156	155	0.013018
245	79	78	156	155	0.007365
246	78	77	156	155	0.005399
247	77	76	156	155	0.003085
248	158	160	156	154	0.328281
249	160	79	156	154	0.061400
250	79	77	156	154	0.021797
251	77	75	156	154	0.008982
252	75	73	156	154	0.005090
253	73	71	156	154	0.002892
254	71	69	156	154	0.002398
255	69	67	156	154	0.001886
256	159	79	156	153	0.198102
257	79	76	156	153	0.035168
258	76	73	156	153	0.011574
259	73	70	156	153	0.005740
260	70	67	156	153	0.004028
261	160	77	156	152	0.115826
262	77	73	156	152	0.021478
263	73	69	156	152	0.008440
264	69	65	156	152	0.004687
265	158	159	157	156	0.585140
266	159	160	157	156	0.158656
267	160	80	157	156	0.046569
268	80	79	157	156	0.020646
269	79	78	157	156	0.010773
270	78	77	157	156	0.007430
271	77	76	157	156	0.004031
272	76	75	157	156	0.002576
273	159	80	157	155	0.297874
274	80	78	157	155	0.051796
275	78	76	157	155	0.019941
276	76	74	157	155	0.008179
277	74	72	157	155	0.004703
278	72	70	157	155	0.003054
279	70	68	157	155	0.002456
280	68	66	157	155	0.001514
281	160	78	157	154	0.151881
282	78	75	157	154	0.032315
283	75	72	157	154	0.011240
284	72	69	157	154	0.005927
285	69	66	157	154	0.003858
286	80	76	157	153	0.105214
287	76	72	157	153	0.020874
288	72	68	157	153	0.009363
289	159	160	158	157	0.700168
290	160	80	158	157	0.128830
291	80	79	158	157	0.044062
292	79	78	158	157	0.020354
293	78	77	158	157	0.012846
294	77	76	158	157	0.006502
295	76	75	158	157	0.003939
296	75	74	158	157	0.002881
297	160	79	158	156	0.240092
298	79	77	158	156	0.051409
299	77	75	158	156	0.017044
300	75	73	158	156	0.008441
301	73	71	158	156	0.004315
302	71	69	158	156	0.003538
303	69	67	158	156	0.002575
304	67	65	158	156	0.001322
305	80	77	158	155	0.141916
306	77	74	158	155	0.028609
307	74	71	158	155	0.010749
308	71	68	158	155	0.006918
309	68	65	158	155	0.003398
310	79	75	158	154	0.099255
311	75	71	158	154	0.020739
312	71	67	158	154	0.010415
313	160	80	159	158	0.634735
314	80	79	159	158	0.118586
315	79	78	159	158	0.043744
316	78	77	159	158	0.024501
317	77	76	159	158	0.011383
318	76	75	159	158	0.006477
319	75	74	159	158	0.004520
320	74	73	159	158	0.003209
321	80	78	159	157	0.226785
322	78	76	159	157	0.055242
323	76	74	159	157	0.017813
324	74	72	159	157	0.008963
325	72	70	159	157	0.005335
326	70	68	159	157	0.003987
327	68	66	159	157	0.002344
328	79	76	159	156	0.141581
329	76	73	159	156	0.029157
330	73	70	159	156	0.011670
331	70	67	159	156	0.007229
332	78	74	159	155	0.101169
333	74	70	159	155	0.022054
334	70	66	159	155	0.010295
335	80	79	160	159	0.534435
336	79	78	160	159	0.117310
337	78	77	160	159	0.051868
338	77	76	160	159	0.020897
339	76	75	160	159	0.010869
340	75	74	160	159	0.007129
341	74	73	160	159	0.004874
342	73	72	160	159	0.003175
343	79	77	160	158	0.237407
344	77	75	160	158	0.049619
345	75	73	160	158	0.019732
346	73	71	160	158	0.007695
347	71	69	160	158	0.008012
348	69	67	160	158	0.004571
349	67	65	160	158	0.002274
350	78	75	160	157	0.149284
351	75	72	160	157	0.031544
352	72	69	160	157	0.013414
353	69	66	160	157	0.007576
354	77	73	160	156	0.094848
355	73	69	160	156	0.023567
356	69	65	160	156	0.010746
357	79	78	80	160	0.393121
358	78	77	80	160	0.110851
359	77	76	80	160	0.036299
360	76	75	80	160	0.016017
361	75	74	80	160	0.009336
362	74	73	80	160	0.006248
363	73	72	80	160	0.003759
364	78	76	80	159	0.219906
365	76	74	80	159	0.043321
366	74	72	80	159	0.018073
367	72	70	80	159	0.009476
368	70	68	80	159	0.006534
369	68	66	80	159	0.003639
370	77	74	80	158	0.122847
371	71	68	80	158	0.035080
372	68	65	80	158	0.006652
373	76	72	80	157	0.088173
374	72	68	80	157	0.025329
375	78	77	79	80	0.353473
376	77	76	79	80	0.073904
377	76	75	79	80	0.027432
378	75	74	79	80	0.012252
379	74	73	79	80	0.010772
380	73	72	79	80	0.005010
381	72	71	79	80	0.018125
382	77	75	79	160	0.153550
383	75	73	79	160	0.038613
384	73	71	79	160	0.013765
385	71	69	79	160	0.010269
386	69	67	79	160	0.006091
387	67	65	79	160	0.002849
388	76	73	79	159	0.104910
389	73	70	79	159	0.027762
390	70	67	79	159	0.014202
391	75	71	79	158	0.079343
392	71	67	79	158	0.029401
393	77	76	78	79	0.190055
394	76	75	78	79	0.046068
395	75	74	78	79	0.022097
396	74	73	78	79	0.008256
397	73	72	78	79	0.005693
398	72	71	78	79	0.006417
399	71	70	78	79	0.000364
400	70	69	78	79	0.002187
401	76	74	78	80	0.107905
402	74	72	78	80	0.029674
403	72	70	78	80	0.013122
404	70	68	78	80	0.008232
405	68	66	78	80	0.004300
406	75	72	78	160	0.083427
407	72	69	78	160	0.024226
408	69	66	78	160	0.011707
409	74	70	78	159	0.070376
410	70	66	78	159	0.022700
411	76	75	77	78	0.186396
412	75	74	77	78	0.047760
413	74	73	77	78	0.018224
414	73	72	77	78	0.009053
415	72	71	77	78	0.006535
416	71	70	77	78	0.003216
417	70	69	77	78	0.002941
418	69	68	77	78	0.002497
419	75	73	77	79	0.096336
420	73	71	77	79	0.027959
421	71	69	77	79	0.008441
422	69	67	77	79	0.007442
423	67	65	77	79	0.003176
424	74	71	77	80	0.090420
425	68	65	77	80	0.009024
426	73	69	77	160	0.060438
427	69	65	77	160	0.019544
428	75	74	76	77	0.160410
429	74	73	76	77	0.036418
430	73	72	76	77	0.013851
431	72	71	76	77	0.007642
432	71	70	76	77	0.004536
433	70	69	76	77	0.003145
434	69	68	76	77	0.002607
435	68	67	76	77	0.001651
436	74	72	76	78	0.077530
437	72	70	76	78	0.021930
438	70	68	76	78	0.011185
439	68	66	76	78	0.005201
440	73	70	76	79	0.057312
441	70	67	76	79	0.019965
442	72	68	76	80	0.054477
443	74	73	75	76	0.141555
444	73	72	75	76	0.031114
445	72	71	75	76	0.013152
446	71	70	75	76	0.007138
447	70	69	75	76	0.004413
448	69	68	75	76	0.003328
449	68	67	75	76	0.001985
450	67	66	75	76	0.001113
451	73	71	75	77	0.065752
452	71	69	75	77	0.019235
453	69	67	75	77	0.009570
454	67	65	75	77	0.003780
455	72	69	75	78	0.052711
456	69	66	75	78	0.016744
457	71	67	75	79	0.044498
458	73	72	74	75	0.134911
459	72	71	74	75	0.034458
460	71	70	74	75	0.015007
461	70	69	74	75	0.007810
462	69	68	74	75	0.005273
463	68	67	74	75	0.002942
464	67	66	74	75	0.001511
465	66	65	74	75	0.001191
466	72	70	74	76	0.069733
467	70	68	74	76	0.020818
468	68	66	74	76	0.007545
469	71	68	74	77	0.053293
470	68	65	74	77	0.013079
471	70	66	74	78	0.044761
472	72	71	73	74	0.143535
473	71	70	73	74	0.036777
474	70	69	73	74	0.014843
475	69	68	73	74	0.008440
476	68	67	73	74	0.004204
477	67	66	73	74	0.002072
478	66	65	73	74	0.001558
479	71	69	73	75	0.074426
480	69	67	73	75	0.020854
481	67	65	73	75	0.006330
482	70	67	73	76	0.053219
483	69	65	73	77	0.040557
484	71	70	72	73	0.145183
485	70	69	72	73	0.034043
486	69	68	72	73	0.014839
487	68	67	72	73	0.006294
488	67	66	72	73	0.002828
489	66	65	72	73	0.001999
490	70	68	72	74	0.072165
491	68	66	72	74	0.015400
492	69	66	72	75	0.048397
493	70	69	71	72	0.146976
494	69	68	71	72	0.035743
495	68	67	71	72	0.011190
496	67	66	71	72	0.004831
497	66	65	71	72	0.002755
498	69	67	71	73	0.068017
499	67	65	71	73	0.012379
500	68	65	71	74	0.037659
501	69	68	70	71	0.160062
502	68	67	70	71	0.030439
503	67	66	70	71	0.009001
504	66	65	70	71	0.005603
505	68	66	70	72	0.055398
506	68	67	69	70	0.114355
507	67	66	69	70	0.022424
508	66	65	69	70	0.010636
509	67	65	69	71	0.047654
510	67	66	68	69	0.164203
511	66	65	68	69	0.043791
512	66	65	67	68	0.206243
513	72	73	66	65	0.001979
514	68	69	67	66	0.164003
515	69	70	67	66	0.022344
516	72	73	67	66	0.002808
517	69	71	67	65	0.047704
518	73	75	67	65	0.006158
519	77	79	67	65	0.003238
520	160	158	67	65	0.002277
521	158	156	67	65	0.001323
522	69	70	68	67	0.114349
523	70	71	68	67	0.030191
524	72	73	68	67	0.006308
525	70	72	68	66	0.055346
526	72	74	68	66	0.015401
527	76	78	68	66	0.005216
528	80	159	68	66	0.003637
529	159	157	68	66	0.002347
530	157	155	68	66	0.001514
531	71	74	68	65	0.037809
532	74	77	68	65	0.013029
533	77	80	68	65	0.009055
534	80	158	68	65	0.006658
535	158	155	68	65	0.003391
536	155	152	68	65	0.001996
537	152	149	68	65	0.001090
538	149	146	68	65	0.000619
539	70	71	69	68	0.159069
540	71	72	69	68	0.036184
541	72	73	69	68	0.014847
542	73	74	69	68	0.008413
543	74	75	69	68	0.005291
544	76	77	69	68	0.002609
545	77	78	69	68	0.002481
546	71	73	69	67	0.068782
547	73	75	69	67	0.021025
548	75	77	69	67	0.009428
549	77	79	69	67	0.007406
550	79	160	69	67	0.006083
551	160	158	69	67	0.004575
552	158	156	69	67	0.002576
553	156	154	69	67	0.001889
554	72	75	69	66	0.048387
555	75	78	69	66	0.016744
556	78	160	69	66	0.011719
557	160	157	69	66	0.007621
558	157	154	69	66	0.003850
559	154	151	69	66	0.002059
560	151	148	69	66	0.001180
561	148	145	69	66	0.000644
562	73	77	69	65	0.040522
563	77	160	69	65	0.019580
564	160	156	69	65	0.010747
565	156	152	69	65	0.004686
566	152	148	69	65	0.002060
567	71	72	70	69	0.144817
568	72	73	70	69	0.033960
569	73	74	70	69	0.014871
570	74	75	70	69	0.007768
571	75	76	70	69	0.004392
572	76	77	70	69	0.003154
573	77	78	70	69	0.002941
574	72	74	70	68	0.072087
575	74	76	70	68	0.020801
576	76	78	70	68	0.011184
577	78	80	70	68	0.008236
578	80	159	70	68	0.006526
579	159	157	70	68	0.003985
580	157	155	70	68	0.002448
581	155	153	70	68	0.001755
582	73	76	70	67	0.053276
583	76	79	70	67	0.019896
584	79	159	70	67	0.014185
585	159	156	70	67	0.007196
586	156	153	70	67	0.004032
587	153	150	70	67	0.001929
588	150	147	70	67	0.001140
589	74	78	70	66	0.044746
590	78	159	70	66	0.022688
591	159	155	70	66	0.010294
592	155	151	70	66	0.004509
593	151	147	70	66	0.002024
594	72	73	71	70	0.144687
595	73	74	71	70	0.036596
596	74	75	71	70	0.014870
597	75	76	71	70	0.007047
598	73	75	71	69	0.074027
599	75	77	71	69	0.018834
600	156	154	71	69	0.002553
601	74	77	71	68	0.052592
602	158	155	71	68	0.007423
603	155	152	71	68	0.003845
604	152	149	71	68	0.001915
605	149	146	71	68	0.001027
606	158	154	71	67	0.011022
607	154	150	71	67	0.004483
608	150	146	71	67	0.001966
609	73	74	72	71	0.143909
610	74	75	72	71	0.034650
611	75	76	72	71	0.013328
612	76	77	72	71	0.007970
613	74	76	72	70	0.069680
614	76	78	72	70	0.021960
615	78	80	72	70	0.013128
616	80	159	72	70	0.009474
617	159	157	72	70	0.005342
618	157	155	72	70	0.003055
619	155	153	72	70	0.002105
620	153	151	72	70	0.001133
621	75	78	72	69	0.052717
622	78	160	72	69	0.024218
623	160	157	72	69	0.013409
624	157	154	72	69	0.005927
625	154	151	72	69	0.002933
626	151	148	72	69	0.001578
627	148	145	72	69	0.000819
628	76	80	72	68	0.054512
629	80	157	72	68	0.025335
630	157	153	72	68	0.009361
631	153	149	72	68	0.003650
632	149	145	72	68	0.001629
633	74	75	73	72	0.135061
634	75	76	73	72	0.031200
635	76	77	73	72	0.013826
636	77	78	73	72	0.009073
637	78	79	73	72	0.005696
638	79	80	73	72	0.005015
639	80	160	73	72	0.003758
640	160	159	73	72	0.003171
641	75	77	73	71	0.066231
642	156	154	73	71	0.002718
643	154	152	73	71	0.001619
644	152	150	73	71	0.000997
645	76	79	73	70	0.057351
646	79	159	73	70	0.027765
647	159	156	73	70	0.011678
648	156	153	73	70	0.005749
649	153	150	73	70	0.002528
650	150	147	73	70	0.001404
651	77	160	73	69	0.060511
652	160	156	73	69	0.023560
653	156	152	73	69	0.008440
654	152	148	73	69	0.003238
655	75	76	74	73	0.141458
656	76	77	74	73	0.036253
657	77	78	74	73	0.018682
658	78	79	74	73	0.008954
659	79	80	74	73	0.009993
660	80	160	74	73	0.006216
661	160	159	74	73	0.004865
662	159	158	74	73	0.003206
663	76	78	74	72	0.077816
664	78	80	74	72	0.029682
665	80	159	74	72	0.018025
666	159	157	74	72	0.008967
667	157	155	74	72	0.004704
668	155	153	74	72	0.003062
669	153	151	74	72	0.001575
670	151	149	74	72	0.001089
671	158	155	74	71	0.010242
672	155	152	74	71	0.005092
673	152	149	74	71	0.002393
674	149	146	74	71	0.001220
675	78	159	74	70	0.070331
676	159	155	74	70	0.022066
677	155	151	74	70	0.007877
678	151	147	74	70	0.003121
679	76	77	75	74	0.161402
680	77	78	75	74	0.046978
681	78	79	75	74	0.021526
682	79	80	75	74	0.012827
683	80	160	75	74	0.009343
684	160	159	75	74	0.007117
685	159	158	75	74	0.004521
686	158	157	75	74	0.002872
687	77	79	75	73	0.096223
688	79	160	75	73	0.038609
689	160	158	75	73	0.019731
690	158	156	75	73	0.008438
691	156	154	75	73	0.005085
692	154	152	75	73	0.002819
693	152	150	75	73	0.001625
694	150	148	75	73	0.001043
695	78	160	75	72	0.083423
696	160	157	75	72	0.031538
697	157	154	75	72	0.011238
698	154	151	75	72	0.004960
699	151	148	75	72	0.002430
700	148	145	75	72	0.001178
701	79	158	75	71	0.076908
702	158	154	75	71	0.020149
703	154	150	75	71	0.007057
704	150	146	75	71	0.002739
705	77	78	76	75	0.186249
706	78	79	76	75	0.046067
707	79	80	76	75	0.027429
708	80	160	76	75	0.015998
709	160	159	76	75	0.010865
710	159	158	76	75	0.006483
711	158	157	76	75	0.003934
712	157	156	76	75	0.002572
713	78	80	76	74	0.107881
714	80	159	76	74	0.043335
715	159	157	76	74	0.017816
716	157	155	76	74	0.008185
717	155	153	76	74	0.004933
718	153	151	76	74	0.002387
719	151	149	76	74	0.001579
720	149	147	76	74	0.000933
721	79	159	76	73	0.104887
722	159	156	76	73	0.029162
723	156	153	76	73	0.011575
724	153	150	76	73	0.004544
725	150	147	76	73	0.002281
726	80	157	76	72	0.088161
727	157	153	76	72	0.020882
728	153	149	76	72	0.006629
729	149	145	76	72	0.002622
730	78	79	77	76	0.189569
731	79	80	77	76	0.073942
732	80	160	77	76	0.035954
733	160	159	77	76	0.020869
734	159	158	77	76	0.011382
735	158	157	77	76	0.006489
736	157	156	77	76	0.004028
737	156	155	77	76	0.003074
738	79	160	77	75	0.153323
739	160	158	77	75	0.049592
740	158	156	77	75	0.017027
741	156	154	77	75	0.008976
742	154	152	77	75	0.004586
743	152	150	77	75	0.002461
744	150	148	77	75	0.001523
745	148	146	77	75	0.000891
746	80	158	77	74	0.122568
747	158	155	77	74	0.028582
748	155	152	77	74	0.011251
749	152	149	77	74	0.004495
750	149	146	77	74	0.002117
751	160	156	77	73	0.094782
752	156	152	77	73	0.021466
753	152	148	77	73	0.006646
754	79	80	78	77	0.352837
755	80	160	78	77	0.111110
756	160	159	78	77	0.051831
757	159	158	78	77	0.024535
758	158	157	78	77	0.012826
759	157	156	78	77	0.007427
760	156	155	78	77	0.005403
761	155	154	78	77	0.003901
762	80	159	78	76	0.219774
763	159	157	78	76	0.055239
764	157	155	78	76	0.019936
765	155	153	78	76	0.010644
766	153	151	78	76	0.004699
767	151	149	78	76	0.002908
768	149	147	78	76	0.001632
769	147	145	78	76	0.000951
770	160	157	78	75	0.149208
771	157	154	78	75	0.032308
772	154	151	78	75	0.011612
773	151	148	78	75	0.004953
774	148	145	78	75	0.002178
775	159	155	78	74	0.101167
776	155	151	78	74	0.022674
777	151	147	78	74	0.007040
778	80	160	79	78	0.392745
779	160	159	79	78	0.117237
780	159	158	79	78	0.043807
781	158	157	79	78	0.020316
782	157	156	79	78	0.010777
783	156	155	79	78	0.007365
784	155	154	79	78	0.005135
785	154	153	79	78	0.003542
786	160	158	79	77	0.237406
787	158	156	79	77	0.051348
788	156	154	79	77	0.021806
789	154	152	79	77	0.010034
790	152	150	79	77	0.004923
791	150	148	79	77	0.002852
792	148	146	79	77	0.001603
793	159	156	79	76	0.141594
794	156	153	79	76	0.035167
795	153	150	79	76	0.011084
796	150	147	79	76	0.004928
797	158	154	79	75	0.099161
798	154	150	79	75	0.021999
799	150	146	79	75	0.006867
800	160	159	80	79	0.534208
801	159	158	80	79	0.118745
802	158	157	80	79	0.044006
803	157	156	80	79	0.020652
804	156	155	80	79	0.013022
805	155	154	80	79	0.008525
806	154	153	80	79	0.005637
807	153	152	80	79	0.003155
808	159	157	80	78	0.226881
809	157	155	80	78	0.051808
810	155	153	80	78	0.022841
811	153	151	80	78	0.008936
812	151	149	80	78	0.005070
813	149	147	80	78	0.002685
814	147	145	80	78	0.001504
815	158	155	80	77	0.141805
816	155	152	80	77	0.036389
817	152	149	80	77	0.011793
818	149	146	80	77	0.004843
819	157	153	80	76	0.105220
820	153	149	80	76	0.021612
821	149	145	80	76	0.006774
822	159	158	160	80	0.635138
823	158	157	160	80	0.128886
824	157	156	160	80	0.046570
825	156	155	160	80	0.025098
826	155	154	160	80	0.014762
827	154	153	160	80	0.009057
828	153	152	160	80	0.004761
829	152	151	160	80	0.003154
830	158	156	160	79	0.240102
831	156	154	160	79	0.061402
832	154	152	160	79	0.022610
833	152	150	160	79	0.009387
834	150	148	160	79	0.004980
835	148	146	160	79	0.002630
836	157	154	160	78	0.151887
837	154	151	160	78	0.035088
838	151	148	160	78	0.011707
839	148	145	160	78	0.004608
840	156	152	160	77	0.115848
841	152	148	160	77	0.022141
842	158	157	159	160	0.700840
843	157	156	159	160	0.158780
844	156	155	159	160	0.067595
845	155	154	159	160	0.034908
846	154	153	159	160	0.019577
847	153	152	159	160	0.009515
848	152	151	159	160	0.005832
849	151	150	159	160	0.004053
850	157	155	159	80	0.298027
851	155	153	159	80	0.078308
852	153	151	159	80	0.023255
853	151	149	159	80	0.010827
854	149	147	159	80	0.005172
855	147	145	159	80	0.002690
856	156	153	159	79	0.198172
857	153	150	159	79	0.036693
858	150	147	159	79	0.012473
859	155	151	159	78	0.133336
860	151	147	159	78	0.023752
861	157	156	158	159	0.585609
862	156	155	158	159	0.158564
863	155	154	158	159	0.067316
864	154	153	158	159	0.033786
865	153	152	158	159	0.015058
866	152	151	158	159	0.008474
867	151	150	158	159	0.005597
868	150	149	158	159	0.003667
869	156	154	158	160	0.328349
870	154	152	158	160	0.077930
871	152	150	158	160	0.023951
872	150	148	158	160	0.010646
873	148	146	158	160	0.004985
874	155	152	158	80	0.208739
875	152	149	158	80	0.037543
876	149	146	158	80	0.011768
877	154	150	158	79	0.133875
878	150	146	158	79	0.023240
879	156	155	157	158	0.649581
880	155	154	157	158	0.176216
881	154	153	157	158	0.072742
882	153	152	157	158	0.028590
883	152	151	157	158	0.014282
884	151	150	157	158	0.008721
885	150	149	157	158	0.005357
886	149	148	157	158	0.003215
887	155	153	157	159	0.350060
888	153	151	157	159	0.066392
889	151	149	157	159	0.023340
890	149	147	157	159	0.009333
891	147	145	157	159	0.004265
892	154	151	157	160	0.207834
893	151	148	157	160	0.037578
894	148	145	157	160	0.010984
895	153	149	157	80	0.123813
896	149	145	157	80	0.021443
897	155	154	156	157	0.706233
898	154	153	156	157	0.191765
899	153	152	156	157	0.062844
900	152	151	156	157	0.026835
901	151	150	156	157	0.014847
902	150	149	156	157	0.008438
903	149	148	156	157	0.004783
904	148	147	156	157	0.003063
905	154	152	156	158	0.355929
906	152	150	156	158	0.064684
907	150	148	156	158	0.021797
908	148	146	156	158	0.008572
909	153	150	156	159	0.185230
910	150	147	156	159	0.034626
911	152	148	156	160	0.121063
912	154	153	155	156	0.802209
913	153	152	155	156	0.182066
914	152	151	155	156	0.061447
915	151	150	155	156	0.029679
916	150	149	155	156	0.015269
917	149	148	155	156	0.008104
918	148	147	155	156	0.004915
919	147	146	155	156	0.002979
920	153	151	155	157	0.333184
921	151	149	155	157	0.068234
922	149	147	155	157	0.020869
923	147	145	155	157	0.008050
924	152	149	155	158	0.184880
925	149	146	155	158	0.032581
926	151	147	155	159	0.121759
927	153	152	154	155	0.807843
928	152	151	154	155	0.168567
929	151	150	154	155	0.064343
930	150	149	154	155	0.028406
931	149	148	154	155	0.013698
932	148	147	154	155	0.007747
933	147	146	154	155	0.004431
934	146	145	154	155	0.002663
935	152	150	154	156	0.324029
936	150	148	154	156	0.065477
937	148	146	154	156	0.020069
938	151	148	154	157	0.187560
939	148	145	154	157	0.030874
940	150	146	154	158	0.115921
941	152	151	153	154	0.779753
942	151	150	153	154	0.183019
943	150	149	153	154	0.062471
944	149	148	153	154	0.025929
945	148	147	153	154	0.013300
946	147	146	153	154	0.007085
947	146	145	153	154	0.003979
948	151	149	153	155	0.338217
949	149	147	153	155	0.060673
950	147	145	153	155	0.018158
951	150	147	153	156	0.179820
952	149	145	153	157	0.107758
953	151	150	152	153	0.861124
954	150	149	152	153	0.162994
955	149	148	152	153	0.051146
956	148	147	152	153	0.022566
957	147	146	152	153	0.010834
958	146	145	152	153	0.005589
959	150	148	152	154	0.302514
960	148	146	152	154	0.053786
961	149	146	152	155	0.156732
962	150	149	151	152	0.999656
963	149	148	151	152	0.166333
964	148	147	151	152	0.055978
965	147	146	151	152	0.022999
966	146	145	151	152	0.010599
967	149	147	151	153	0.296001
968	147	145	151	153	0.050028
969	148	145	151	154	0.152922
970	149	148	150	151	0.995938
971	148	147	150	151	0.177532
972	147	146	150	151	0.054790
973	146	145	150	151	0.021191
974	148	146	150	152	0.311276
975	148	147	149	150	1.196397
976	147	146	149	150	0.191188
977	146	145	149	150	0.052113
978	147	145	149	151	0.319279
979	147	146	148	149	1.307527
980	146	145	148	149	0.157845
981	146	145	147	148	1.268987
