979
1	147	148	146	145	1.107271
2	148	149	146	145	0.149342
3	149	150	146	145	0.051411
4	150	151	146	145	0.021166
5	151	152	146	145	0.010685
6	152	153	146	145	0.005643
7	153	154	146	145	0.004011
8	154	155	146	145	0.002690
9	148	149	147	146	1.137750
10	149	150	147	146	0.181074
11	150	151	147	146	0.053700
12	151	152	147	146	0.022941
13	152	153	147	146	0.010858
14	153	154	147	146	0.007099
15	154	155	147	146	0.004461
16	155	156	147	146	0.002985
17	149	151	147	145	0.307350
18	151	153	147	145	0.050117
19	153	155	147	145	0.018260
20	155	157	147	145	0.008083
21	157	159	147	145	0.004284
22	159	80	147	145	0.002682
23	80	78	147	145	0.001506
24	78	76	147	145	0.000963
25	149	150	148	147	1.084755
26	150	151	148	147	0.170849
27	151	152	148	147	0.055364
28	152	153	148	147	0.022520
29	153	154	148	147	0.013302
30	154	155	148	147	0.007770
31	155	156	148	147	0.004912
32	156	157	148	147	0.003061
33	150	152	148	146	0.302888
34	152	154	148	146	0.053785
35	154	156	148	146	0.020137
36	156	158	148	146	0.008572
37	158	160	148	146	0.004995
38	160	79	148	146	0.002629
39	79	77	148	146	0.001613
40	77	75	148	146	0.000901
41	151	154	148	145	0.152419
42	154	157	148	145	0.030980
43	157	160	148	145	0.010993
44	160	78	148	145	0.004577
45	78	75	148	145	0.002210
46	75	72	148	145	0.001147
47	72	69	148	145	0.000794
48	69	66	148	145	0.000649
49	150	151	149	148	0.921674
50	151	152	149	148	0.162853
51	152	153	149	148	0.051037
52	153	154	149	148	0.026012
53	154	155	149	148	0.013810
54	155	156	149	148	0.008141
55	156	157	149	148	0.004808
56	157	158	149	148	0.003227
57	151	153	149	147	0.291782
58	153	155	149	147	0.060895
59	155	157	149	147	0.020921
60	157	159	149	147	0.009339
61	159	80	149	147	0.005169
62	80	78	149	147	0.002686
63	78	76	149	147	0.001647
64	76	74	149	147	0.000941
65	152	155	149	146	0.156883
66	155	158	149	146	0.032654
67	158	80	149	146	0.011788
68	80	77	149	146	0.004861
69	77	74	149	146	0.002139
70	74	71	149	146	0.001168
71	71	68	149	146	0.001000
72	68	65	149	146	0.000664
73	153	157	149	145	0.108163
74	157	80	149	145	0.021473
75	80	76	149	145	0.006800
76	76	72	149	145	0.002548
77	72	68	149	145	0.001598
78	151	152	150	149	0.921228
79	152	153	150	149	0.158786
80	153	154	150	149	0.061939
81	154	155	150	149	0.028423
82	155	156	150	149	0.015249
83	156	157	150	149	0.008417
84	157	158	150	149	0.005346
85	158	159	150	149	0.003676
86	152	154	150	148	0.297782
87	154	156	150	148	0.065624
88	156	158	150	148	0.021799
89	158	160	150	148	0.010653
90	160	79	150	148	0.004970
91	79	77	150	148	0.002867
92	77	75	150	148	0.001533
93	75	73	150	148	0.001019
94	153	156	150	147	0.179556
95	156	159	150	147	0.034649
96	159	79	150	147	0.012460
97	79	76	150	147	0.004953
98	76	73	150	147	0.002257
99	73	70	150	147	0.001361
100	70	67	150	147	0.001127
101	154	158	150	146	0.116123
102	158	79	150	146	0.023241
103	79	75	150	146	0.006907
104	75	71	150	146	0.002676
105	71	67	150	146	0.001944
106	152	153	151	150	0.792034
107	153	154	151	150	0.177104
108	154	155	151	150	0.063555
109	155	156	151	150	0.029398
110	156	157	151	150	0.014719
111	157	158	151	150	0.008649
112	158	159	151	150	0.005580
113	159	160	151	150	0.004008
114	153	155	151	149	0.331049
115	155	157	151	149	0.067788
116	157	159	151	149	0.023256
117	159	80	151	149	0.010746
118	80	78	151	149	0.005044
119	78	76	151	149	0.002906
120	76	74	151	149	0.001581
121	74	72	151	149	0.001034
122	154	157	151	148	0.186526
123	157	160	151	148	0.037473
124	160	78	151	148	0.011658
125	78	75	151	148	0.004969
126	75	72	151	148	0.002358
127	72	69	151	148	0.001537
128	69	66	151	148	0.001190
129	155	159	151	147	0.121293
130	159	78	151	147	0.023647
131	78	74	151	147	0.007077
132	74	70	151	147	0.002963
133	70	66	151	147	0.002031
134	153	154	152	151	0.732802
135	154	155	152	151	0.165322
136	155	156	152	151	0.060987
137	156	157	152	151	0.026743
138	157	158	152	151	0.014272
139	158	159	152	151	0.008509
140	159	160	152	151	0.005812
141	160	80	152	151	0.003133
142	154	156	152	150	0.319230
143	156	158	152	150	0.064388
144	158	160	152	150	0.023913
145	160	79	152	150	0.009335
146	79	77	152	150	0.004927
147	77	75	152	150	0.002472
148	75	73	152	150	0.001577
149	73	71	152	150	0.000971
150	155	158	152	149	0.183785
151	158	80	152	149	0.037457
152	80	77	152	149	0.011786
153	77	74	152	149	0.004571
154	74	71	152	149	0.002287
155	71	68	152	149	0.001862
156	68	65	152	149	0.001166
157	156	160	152	148	0.120746
158	160	77	152	148	0.022097
159	77	73	152	148	0.006601
160	73	69	152	148	0.003177
161	69	65	152	148	0.002145
162	154	155	153	152	0.758511
163	155	156	153	152	0.176826
164	156	157	153	152	0.061913
165	157	158	153	152	0.028417
166	158	159	153	152	0.015067
167	159	160	153	152	0.009445
168	160	80	153	152	0.004710
169	80	79	153	152	0.003171
170	155	157	153	151	0.326464
171	157	159	153	151	0.066263
172	159	80	153	151	0.023099
173	80	78	153	151	0.008961
174	78	76	153	151	0.004738
175	76	74	153	151	0.002412
176	74	72	153	151	0.001496
177	72	70	153	151	0.001110
178	156	159	153	150	0.183861
179	159	79	153	150	0.036479
180	79	76	153	150	0.011122
181	76	73	153	150	0.004433
182	73	70	153	150	0.002454
183	70	67	153	150	0.001913
184	157	80	153	149	0.123362
185	80	76	153	149	0.021655
186	76	72	153	149	0.006515
187	72	68	153	149	0.003564
188	155	156	154	153	0.751316
189	156	157	154	153	0.185112
190	157	158	154	153	0.071386
191	158	159	154	153	0.033520
192	159	160	154	153	0.019339
193	160	80	154	153	0.008940
194	80	79	154	153	0.005565
195	79	78	154	153	0.003509
196	156	158	154	152	0.346860
197	158	160	154	152	0.077372
198	160	79	154	152	0.022390
199	79	77	154	152	0.010024
200	77	75	154	152	0.004599
201	75	73	154	152	0.002726
202	73	71	154	152	0.001592
203	71	69	154	152	0.001477
204	157	160	154	151	0.205765
205	160	78	154	151	0.034830
206	78	75	154	151	0.011653
207	75	72	154	151	0.004796
208	72	69	154	151	0.002874
209	69	66	154	151	0.002080
210	158	79	154	150	0.132991
211	79	75	154	150	0.022024
212	75	71	154	150	0.006867
213	71	67	154	150	0.004363
214	156	157	155	154	0.662998
215	157	158	155	154	0.171732
216	158	159	155	154	0.066726
217	159	160	155	154	0.034480
218	160	80	155	154	0.014558
219	80	79	155	154	0.008474
220	79	78	155	154	0.005115
221	78	77	155	154	0.003902
222	157	159	155	153	0.343351
223	159	80	155	153	0.077323
224	80	78	155	153	0.022666
225	78	76	155	153	0.010620
226	76	74	155	153	0.004929
227	74	72	155	153	0.002889
228	72	70	155	153	0.002052
229	70	68	155	153	0.001717
230	158	80	155	152	0.206786
231	80	77	155	152	0.036254
232	77	74	155	152	0.011255
233	74	71	155	152	0.004889
234	71	68	155	152	0.003720
235	68	65	155	152	0.002150
236	159	78	155	151	0.132052
237	78	74	155	151	0.022692
238	74	70	155	151	0.007546
239	70	66	155	151	0.004526
240	157	158	156	155	0.617347
241	158	159	156	155	0.156024
242	159	160	156	155	0.066680
243	160	80	156	155	0.024749
244	80	79	156	155	0.012952
245	79	78	156	155	0.007345
246	78	77	156	155	0.005402
247	77	76	156	155	0.003065
248	158	160	156	154	0.323901
249	160	79	156	154	0.060740
250	79	77	156	154	0.021762
251	77	75	156	154	0.008977
252	75	73	156	154	0.004920
253	73	71	156	154	0.002664
254	71	69	156	154	0.002477
255	69	67	156	154	0.001881
256	159	79	156	153	0.195747
257	79	76	156	153	0.035053
258	76	73	156	153	0.011372
259	73	70	156	153	0.005561
260	70	67	156	153	0.004002
261	160	77	156	152	0.114916
262	77	73	156	152	0.021231
263	73	69	156	152	0.008210
264	69	65	156	152	0.004913
265	158	159	157	156	0.558281
266	159	160	157	156	0.154825
267	160	80	157	156	0.045744
268	80	79	157	156	0.020581
269	79	78	157	156	0.010756
270	78	77	157	156	0.007452
271	77	76	157	156	0.004024
272	76	75	157	156	0.002596
273	159	80	157	155	0.291984
274	80	78	157	155	0.051637
275	78	76	157	155	0.019938
276	76	74	157	155	0.008178
277	74	72	157	155	0.004452
278	72	70	157	155	0.002988
279	70	68	157	155	0.002406
280	68	66	157	155	0.001577
281	160	78	157	154	0.150269
282	78	75	157	154	0.032344
283	75	72	157	154	0.010851
284	72	69	157	154	0.005798
285	69	66	157	154	0.003875
286	80	76	157	153	0.104853
287	76	72	157	153	0.020447
288	72	68	157	153	0.009158
289	159	160	158	157	0.653551
290	160	80	158	157	0.123405
291	80	79	158	157	0.043535
292	79	78	158	157	0.020231
293	78	77	158	157	0.012837
294	77	76	158	157	0.006465
295	76	75	158	157	0.003949
296	75	74	158	157	0.002846
297	160	79	158	156	0.233260
298	79	77	158	156	0.051287
299	77	75	158	156	0.017027
300	75	73	158	156	0.008171
301	73	71	158	156	0.003884
302	71	69	158	156	0.003779
303	69	67	158	156	0.002576
304	67	65	158	156	0.001491
305	80	77	158	155	0.141106
306	77	74	158	155	0.028515
307	74	71	158	155	0.009882
308	71	68	158	155	0.007165
309	68	65	158	155	0.003652
310	79	75	158	154	0.099043
311	75	71	158	154	0.019614
312	71	67	158	154	0.010733
313	160	80	159	158	0.583647
314	80	79	159	158	0.115870
315	79	78	159	158	0.043331
316	78	77	159	158	0.024462
317	77	76	159	158	0.011323
318	76	75	159	158	0.006507
319	75	74	159	158	0.004460
320	74	73	159	158	0.003039
321	80	78	159	157	0.222975
322	78	76	159	157	0.055090
323	76	74	159	157	0.017757
324	74	72	159	157	0.008526
325	72	70	159	157	0.005248
326	70	68	159	157	0.003944
327	68	66	159	157	0.002460
328	79	76	159	156	0.140882
329	76	73	159	156	0.028719
330	73	70	159	156	0.011361
331	70	67	159	156	0.007199
332	78	74	159	155	0.100957
333	74	70	159	155	0.021207
334	70	66	159	155	0.010378
335	80	79	160	159	0.506179
336	79	78	160	159	0.114663
337	78	77	160	159	0.051379
338	77	76	160	159	0.020652
339	76	75	160	159	0.010850
340	75	74	160	159	0.006923
341	74	73	160	159	0.004666
342	73	72	160	159	0.003038
343	79	77	160	158	0.233799
344	77	75	160	158	0.049324
345	75	73	160	158	0.019076
346	71	69	160	158	0.010099
347	69	67	160	158	0.004591
348	67	65	160	158	0.002555
349	78	75	160	157	0.148402
350	75	72	160	157	0.030455
351	72	69	160	157	0.013239
352	69	66	160	157	0.007771
353	77	73	160	156	0.093597
354	73	69	160	156	0.023032
355	69	65	160	156	0.011210
356	79	78	80	160	0.377218
357	78	77	80	160	0.108744
358	77	76	80	160	0.035780
359	76	75	80	160	0.015906
360	75	74	80	160	0.007549
361	74	73	80	160	0.007466
362	73	72	80	160	0.003633
363	78	76	80	159	0.216524
364	76	74	80	159	0.041038
365	74	72	80	159	0.018987
366	72	70	80	159	0.009352
367	70	68	80	159	0.006496
368	68	66	80	159	0.003823
369	77	74	80	158	0.119755
370	71	68	80	158	0.049054
371	68	65	80	158	0.007200
372	76	72	80	157	0.086309
373	72	68	80	157	0.025034
374	78	77	79	80	0.340988
375	77	76	79	80	0.071888
376	76	75	79	80	0.027227
377	75	74	79	80	0.013264
378	74	73	79	80	0.008878
379	73	72	79	80	0.004785
380	72	71	79	80	0.028207
381	77	75	79	160	0.150843
382	75	73	79	160	0.037152
383	73	71	79	160	0.012207
384	71	69	79	160	0.011348
385	69	67	79	160	0.006121
386	67	65	79	160	0.003192
387	76	73	79	159	0.102719
388	73	70	79	159	0.027073
389	70	67	79	159	0.014245
390	75	71	79	158	0.073204
391	71	67	79	158	0.032664
392	77	76	78	79	0.184370
393	76	75	78	79	0.045993
394	75	74	78	79	0.022241
395	74	73	78	79	0.007230
396	73	72	78	79	0.005526
397	72	71	78	79	0.008817
398	70	69	78	79	0.002211
399	76	74	78	80	0.108819
400	74	72	78	80	0.026327
401	72	70	78	80	0.013070
402	70	68	78	80	0.008216
403	68	66	78	80	0.004537
404	75	72	78	160	0.080570
405	72	69	78	160	0.024152
406	69	66	78	160	0.011986
407	74	70	78	159	0.067738
408	70	66	78	159	0.023066
409	76	75	77	78	0.185454
410	75	74	77	78	0.047463
411	74	73	77	78	0.017420
412	73	72	77	78	0.008653
413	72	71	77	78	0.007875
414	71	70	77	78	0.002424
415	70	69	77	78	0.003084
416	69	68	77	78	0.002521
417	75	73	77	79	0.094344
418	73	71	77	79	0.031360
419	69	67	77	79	0.007619
420	67	65	77	79	0.002554
421	74	71	77	80	0.100443
422	68	65	77	80	0.008804
423	73	69	77	160	0.060140
424	69	65	77	160	0.019472
425	75	74	76	77	0.156901
426	74	73	76	77	0.033578
427	73	72	76	77	0.013998
428	72	71	76	77	0.008371
429	71	70	76	77	0.004456
430	70	69	76	77	0.003259
431	69	68	76	77	0.002665
432	68	67	76	77	0.001761
433	74	72	76	78	0.073777
434	72	70	76	78	0.023152
435	70	68	76	78	0.011531
436	68	66	76	78	0.005648
437	73	70	76	79	0.058129
438	70	67	76	79	0.020602
439	72	68	76	80	0.055985
440	74	73	75	76	0.134571
441	73	72	75	76	0.033296
442	72	71	75	76	0.013730
443	71	70	75	76	0.007505
444	70	69	75	76	0.004772
445	69	68	75	76	0.003514
446	68	67	75	76	0.002159
447	67	66	75	76	0.001286
448	73	71	75	77	0.069384
449	71	69	75	77	0.020002
450	69	67	75	77	0.010085
451	67	65	75	77	0.005623
452	72	69	75	78	0.055471
453	69	66	75	78	0.017790
454	71	67	75	79	0.042623
455	73	72	74	75	0.152196
456	72	71	74	75	0.038896
457	71	70	74	75	0.016654
458	70	69	74	75	0.008722
459	69	68	74	75	0.005703
460	68	67	74	75	0.003333
461	67	66	74	75	0.001700
462	66	65	74	75	0.001526
463	72	70	74	76	0.076779
464	70	68	74	76	0.022707
465	68	66	74	76	0.008482
466	71	68	74	77	0.057325
467	68	65	74	77	0.016119
468	70	66	74	78	0.048352
469	72	71	73	74	0.150272
470	71	70	73	74	0.038055
471	70	69	73	74	0.015495
472	69	68	73	74	0.008446
473	68	67	73	74	0.004381
474	67	66	73	74	0.002209
475	66	65	73	74	0.001815
476	71	69	73	75	0.078927
477	69	67	73	75	0.021874
478	67	65	73	75	0.007232
479	70	67	73	76	0.056513
480	69	65	73	77	0.044868
481	71	70	72	73	0.151979
482	70	69	72	73	0.036234
483	69	68	72	73	0.015170
484	68	67	72	73	0.006683
485	67	66	72	73	0.003082
486	66	65	72	73	0.002374
487	70	68	72	74	0.075340
488	68	66	72	74	0.016354
489	69	66	72	75	0.050693
490	70	69	71	72	0.162430
491	69	68	71	72	0.036402
492	68	67	71	72	0.011608
493	67	66	71	72	0.005414
494	66	65	71	72	0.003373
495	69	67	71	73	0.069824
496	67	65	71	73	0.014240
497	68	65	71	74	0.040900
498	69	68	70	71	0.158965
499	68	67	70	71	0.032318
500	67	66	70	71	0.009542
501	66	65	70	71	0.006331
502	68	66	70	72	0.058817
503	68	67	69	70	0.117644
504	67	66	69	70	0.024152
505	66	65	69	70	0.012060
506	67	65	69	71	0.051968
507	67	66	68	69	0.162643
508	66	65	68	69	0.045408
509	66	65	67	68	0.201412
510	68	69	67	66	0.162959
511	69	70	67	66	0.024064
512	69	71	67	65	0.053677
513	73	75	67	65	0.007313
514	79	160	67	65	0.003314
515	160	158	67	65	0.002681
516	69	70	68	67	0.117662
517	70	71	68	67	0.032248
518	73	74	68	67	0.004418
519	70	72	68	66	0.058820
520	72	74	68	66	0.016363
521	74	76	68	66	0.008477
522	76	78	68	66	0.005644
523	80	159	68	66	0.003818
524	159	157	68	66	0.002458
525	157	155	68	66	0.001573
526	71	74	68	65	0.041629
527	74	77	68	65	0.018264
528	80	158	68	65	0.007350
529	158	155	68	65	0.003752
530	152	149	68	65	0.001208
531	149	146	68	65	0.000685
532	70	71	69	68	0.157940
533	71	72	69	68	0.036931
534	72	73	69	68	0.015171
535	73	74	69	68	0.008387
536	76	77	69	68	0.002663
537	71	73	69	67	0.070563
538	73	75	69	67	0.022158
539	75	77	69	67	0.009840
540	77	79	69	67	0.007556
541	79	160	69	67	0.006138
542	160	158	69	67	0.004589
543	158	156	69	67	0.002568
544	156	154	69	67	0.001869
545	72	75	69	66	0.050696
546	75	78	69	66	0.017762
547	78	160	69	66	0.012051
548	160	157	69	66	0.007767
549	157	154	69	66	0.003903
550	154	151	69	66	0.002083
551	151	148	69	66	0.001190
552	148	145	69	66	0.000648
553	73	77	69	65	0.047187
554	77	160	69	65	0.018044
555	160	156	69	65	0.011364
556	156	152	69	65	0.004976
557	152	148	69	65	0.002212
558	71	72	70	69	0.158569
559	72	73	70	69	0.036180
560	73	74	70	69	0.015567
561	74	75	70	69	0.008667
562	75	76	70	69	0.004745
563	76	77	70	69	0.003271
564	72	74	70	68	0.075360
565	74	76	70	68	0.022702
566	76	78	70	68	0.011521
567	78	80	70	68	0.008227
568	80	159	70	68	0.006480
569	159	157	70	68	0.003943
570	157	155	70	68	0.002402
571	155	153	70	68	0.001719
572	73	76	70	67	0.056676
573	76	79	70	67	0.020466
574	79	159	70	67	0.014229
575	159	156	70	67	0.007182
576	156	153	70	67	0.003992
577	153	150	70	67	0.001909
578	150	147	70	67	0.001129
579	74	78	70	66	0.048361
580	78	159	70	66	0.023066
581	159	155	70	66	0.010392
582	155	151	70	66	0.004471
583	151	147	70	66	0.002024
584	72	73	71	70	0.151433
585	73	74	71	70	0.037983
586	74	75	71	70	0.016623
587	75	76	71	70	0.007567
588	76	77	71	70	0.004456
589	73	75	71	69	0.078832
590	75	77	71	69	0.019993
591	79	160	71	69	0.011200
592	158	156	71	69	0.003951
593	156	154	71	69	0.002552
594	74	77	71	68	0.057209
595	158	155	71	68	0.007377
596	155	152	71	68	0.003793
597	152	149	71	68	0.001889
598	149	146	71	68	0.001010
599	75	79	71	67	0.043343
600	79	158	71	67	0.032023
601	158	154	71	67	0.010963
602	154	150	71	67	0.004421
603	150	146	71	67	0.001971
604	73	74	72	71	0.150290
605	74	75	72	71	0.038860
606	75	76	72	71	0.013681
607	76	77	72	71	0.008012
608	77	78	72	71	0.008575
609	74	76	72	70	0.076563
610	76	78	72	70	0.023131
611	78	80	72	70	0.013172
612	80	159	72	70	0.009381
613	159	157	72	70	0.005257
614	157	155	72	70	0.002993
615	155	153	72	70	0.002052
616	75	78	72	69	0.055399
617	78	160	72	69	0.024224
618	160	157	72	69	0.013258
619	157	154	72	69	0.005818
620	154	151	72	69	0.002875
621	151	148	72	69	0.001538
622	148	145	72	69	0.000792
623	76	80	72	68	0.056093
624	80	157	72	68	0.025065
625	157	153	72	68	0.009159
626	153	149	72	68	0.003534
627	149	145	72	68	0.001588
628	74	75	73	72	0.152524
629	75	76	73	72	0.033394
630	76	77	73	72	0.014523
631	77	78	73	72	0.008237
632	78	79	73	72	0.005464
633	79	80	73	72	0.004775
634	80	160	73	72	0.003588
635	160	159	73	72	0.003030
636	75	77	73	71	0.069277
637	77	79	73	71	0.030898
638	79	160	73	71	0.012287
639	158	156	73	71	0.003697
640	156	154	73	71	0.002583
641	152	150	73	71	0.000955
642	76	79	73	70	0.058176
643	79	159	73	70	0.027083
644	159	156	73	70	0.011369
645	156	153	73	70	0.005565
646	153	150	73	70	0.002454
647	150	147	73	70	0.001357
648	77	160	73	69	0.060343
649	160	156	73	69	0.023034
650	156	152	73	69	0.008208
651	152	148	73	69	0.003184
652	75	76	74	73	0.134937
653	76	77	74	73	0.034237
654	77	78	74	73	0.017518
655	78	79	74	73	0.008451
656	79	80	74	73	0.007019
657	80	160	74	73	0.007497
658	160	159	74	73	0.004700
659	159	158	74	73	0.003034
660	76	78	74	72	0.074415
661	78	80	74	72	0.025699
662	80	159	74	72	0.018845
663	159	157	74	72	0.008497
664	157	155	74	72	0.004435
665	155	153	74	72	0.002877
666	153	151	74	72	0.001496
667	151	149	74	72	0.001028
668	77	80	74	71	0.091959
669	158	155	74	71	0.009642
670	155	152	74	71	0.004806
671	152	149	74	71	0.002258
672	149	146	74	71	0.001154
673	78	159	74	70	0.067115
674	159	155	74	70	0.021185
675	155	151	74	70	0.007543
676	151	147	74	70	0.002985
677	76	77	75	74	0.156844
678	77	78	75	74	0.047041
679	78	79	75	74	0.020988
680	79	80	75	74	0.015066
681	80	160	75	74	0.007546
682	160	159	75	74	0.006883
683	159	158	75	74	0.004468
684	158	157	75	74	0.002846
685	77	79	75	73	0.094080
686	79	160	75	73	0.037141
687	160	158	75	73	0.019087
688	158	156	75	73	0.008156
689	156	154	75	73	0.004921
690	154	152	75	73	0.002729
691	152	150	75	73	0.001571
692	150	148	75	73	0.001023
693	78	160	75	72	0.080415
694	160	157	75	72	0.030424
695	157	154	75	72	0.010842
696	154	151	75	72	0.004799
697	151	148	75	72	0.002350
698	148	145	75	72	0.001148
699	79	158	75	71	0.073832
700	158	154	75	71	0.019366
701	154	150	75	71	0.006809
702	150	146	75	71	0.002690
703	77	78	76	75	0.185266
704	78	79	76	75	0.045964
705	79	80	76	75	0.027219
706	80	160	76	75	0.015899
707	160	159	76	75	0.010847
708	159	158	76	75	0.006517
709	158	157	76	75	0.003940
710	157	156	76	75	0.002588
711	78	80	76	74	0.109288
712	80	159	76	74	0.041111
713	159	157	76	74	0.017776
714	157	155	76	74	0.008187
715	155	153	76	74	0.004943
716	153	151	76	74	0.002411
717	151	149	76	74	0.001582
718	149	147	76	74	0.000944
719	79	159	76	73	0.102678
720	159	156	76	73	0.028711
721	156	153	76	73	0.011367
722	153	150	76	73	0.004452
723	150	147	76	73	0.002246
724	80	157	76	72	0.086217
725	157	153	76	72	0.020439
726	153	149	76	72	0.006511
727	149	145	76	72	0.002534
728	78	79	77	76	0.183489
729	79	80	77	76	0.072002
730	80	160	77	76	0.035381
731	160	159	77	76	0.020605
732	159	158	77	76	0.011316
733	158	157	77	76	0.006439
734	157	156	77	76	0.004009
735	156	155	77	76	0.003061
736	79	160	77	75	0.150495
737	160	158	77	75	0.049286
738	158	156	77	75	0.016989
739	156	154	77	75	0.008961
740	154	152	77	75	0.004602
741	152	150	77	75	0.002475
742	150	148	77	75	0.001535
743	148	146	77	75	0.000897
744	80	158	77	74	0.119395
745	158	155	77	74	0.028487
746	155	152	77	74	0.011256
747	152	149	77	74	0.004572
748	149	146	77	74	0.002142
749	160	156	77	73	0.093509
750	156	152	77	73	0.021206
751	152	148	77	73	0.006597
752	79	80	78	77	0.340100
753	80	160	78	77	0.108927
754	160	159	78	77	0.051343
755	159	158	78	77	0.024511
756	158	157	78	77	0.012801
757	157	156	78	77	0.007454
758	156	155	78	77	0.005407
759	155	154	78	77	0.003906
760	80	159	78	76	0.216281
761	159	157	78	76	0.055069
762	157	155	78	76	0.019935
763	155	153	78	76	0.010607
764	153	151	78	76	0.004733
765	151	149	78	76	0.002906
766	149	147	78	76	0.001642
767	147	145	78	76	0.000963
768	160	157	78	75	0.148306
769	157	154	78	75	0.032330
770	154	151	78	75	0.011646
771	151	148	78	75	0.004977
772	148	145	78	75	0.002192
773	159	155	78	74	0.100955
774	155	151	78	74	0.022694
775	151	147	78	74	0.007075
776	80	160	79	78	0.376289
777	160	159	79	78	0.114680
778	159	158	79	78	0.043442
779	158	157	79	78	0.020172
780	157	156	79	78	0.010768
781	156	155	79	78	0.007347
782	155	154	79	78	0.005115
783	154	153	79	78	0.003515
784	160	158	79	77	0.233962
785	158	156	79	77	0.051197
786	156	154	79	77	0.021774
787	154	152	79	77	0.010027
788	152	150	79	77	0.004926
789	150	148	79	77	0.002869
790	148	146	79	77	0.001607
791	159	156	79	76	0.140917
792	156	153	79	76	0.035057
793	153	150	79	76	0.011114
794	150	147	79	76	0.004955
795	158	154	79	75	0.098922
796	154	150	79	75	0.022023
797	150	146	79	75	0.006913
798	160	159	80	79	0.505768
799	159	158	80	79	0.115986
800	158	157	80	79	0.043398
801	157	156	80	79	0.020574
802	156	155	80	79	0.012943
803	155	154	80	79	0.008465
804	154	153	80	79	0.005576
805	153	152	80	79	0.003163
806	159	157	80	78	0.222980
807	157	155	80	78	0.051637
808	155	153	80	78	0.022668
809	153	151	80	78	0.008953
810	151	149	80	78	0.005043
811	149	147	80	78	0.002683
812	147	145	80	78	0.001502
813	158	155	80	77	0.140872
814	155	152	80	77	0.036257
815	152	149	80	77	0.011777
816	149	146	80	77	0.004855
817	157	153	80	76	0.104860
818	153	149	80	76	0.021638
819	149	145	80	76	0.006798
820	159	158	160	80	0.584223
821	158	157	160	80	0.123553
822	157	156	160	80	0.045786
823	156	155	160	80	0.024759
824	155	154	160	80	0.014568
825	154	153	160	80	0.008939
826	153	152	160	80	0.004734
827	152	151	160	80	0.003131
828	158	156	160	79	0.233301
829	156	154	160	79	0.060734
830	154	152	160	79	0.022402
831	152	150	160	79	0.009327
832	150	148	160	79	0.004968
833	148	146	160	79	0.002626
834	157	154	160	78	0.150334
835	154	151	160	78	0.034847
836	151	148	160	78	0.011663
837	148	145	160	78	0.004571
838	156	152	160	77	0.114942
839	152	148	160	77	0.022094
840	158	157	159	160	0.654080
841	157	156	159	160	0.154966
842	156	155	159	160	0.066707
843	155	154	159	160	0.034482
844	154	153	159	160	0.019336
845	153	152	159	160	0.009457
846	152	151	159	160	0.005815
847	151	150	159	160	0.004010
848	157	155	159	80	0.292230
849	155	153	159	80	0.077331
850	153	151	159	80	0.023134
851	151	149	159	80	0.010749
852	149	147	159	80	0.005160
853	147	145	159	80	0.002694
854	156	153	159	79	0.195772
855	153	150	159	79	0.036497
856	150	147	159	79	0.012449
857	155	151	159	78	0.132086
858	151	147	159	78	0.023643
859	157	156	158	159	0.558694
860	156	155	158	159	0.155999
861	155	154	158	159	0.066681
862	154	153	158	159	0.033501
863	153	152	158	159	0.015062
864	152	151	158	159	0.008514
865	151	150	158	159	0.005571
866	150	149	158	159	0.003676
867	156	154	158	160	0.323837
868	154	152	158	160	0.077362
869	152	150	158	160	0.023899
870	150	148	158	160	0.010661
871	148	146	158	160	0.005003
872	155	152	158	80	0.206764
873	152	149	158	80	0.037447
874	149	146	158	80	0.011791
875	154	150	158	79	0.132993
876	150	146	158	79	0.023246
877	156	155	157	158	0.618030
878	155	154	157	158	0.171835
879	154	153	157	158	0.071436
880	153	152	157	158	0.028458
881	152	151	157	158	0.014278
882	151	150	157	158	0.008663
883	150	149	157	158	0.005353
884	149	148	157	158	0.003226
885	155	153	157	159	0.343447
886	153	151	157	159	0.066305
887	151	149	157	159	0.023267
888	149	147	157	159	0.009331
889	147	145	157	159	0.004274
890	154	151	157	160	0.205849
891	151	148	157	160	0.037479
892	148	145	157	160	0.010989
893	153	149	157	80	0.123458
894	149	145	157	80	0.021476
895	155	154	156	157	0.662943
896	154	153	156	157	0.185130
897	153	152	156	157	0.061945
898	152	151	156	157	0.026735
899	151	150	156	157	0.014712
900	150	149	156	157	0.008421
901	149	148	156	157	0.004805
902	148	147	156	157	0.003056
903	154	152	156	158	0.346969
904	152	150	156	158	0.064384
905	150	148	156	158	0.021806
906	148	146	156	158	0.008577
907	153	150	156	159	0.183948
908	150	147	156	159	0.034645
909	152	148	156	160	0.120744
910	154	153	155	156	0.751618
911	153	152	155	156	0.176973
912	152	151	155	156	0.060977
913	151	150	155	156	0.029387
914	150	149	155	156	0.015260
915	149	148	155	156	0.008141
916	148	147	155	156	0.004914
917	147	146	155	156	0.002993
918	153	151	155	157	0.326635
919	151	149	155	157	0.067786
920	149	147	155	157	0.020914
921	147	145	155	157	0.008091
922	152	149	155	158	0.183775
923	149	146	155	158	0.032650
924	151	147	155	159	0.121295
925	153	152	154	155	0.759085
926	152	151	154	155	0.165253
927	151	150	154	155	0.063537
928	150	149	154	155	0.028428
929	149	148	154	155	0.013802
930	148	147	154	155	0.007771
931	147	146	154	155	0.004461
932	146	145	154	155	0.002694
933	152	150	154	156	0.319123
934	150	148	154	156	0.065634
935	148	146	154	156	0.020136
936	151	148	154	157	0.186479
937	148	145	154	157	0.030980
938	150	146	154	158	0.116156
939	152	151	153	154	0.732242
940	151	150	153	154	0.177013
941	150	149	153	154	0.061952
942	149	148	153	154	0.026002
943	148	147	153	154	0.013295
944	147	146	153	154	0.007106
945	146	145	153	154	0.004013
946	151	149	153	155	0.330908
947	149	147	153	155	0.060866
948	147	145	153	155	0.018258
949	150	147	153	156	0.179565
950	149	145	153	157	0.108129
951	151	150	152	153	0.792032
952	150	149	152	153	0.158930
953	149	148	152	153	0.051033
954	148	147	152	153	0.022521
955	147	146	152	153	0.010867
956	146	145	152	153	0.005650
957	150	148	152	154	0.297893
958	148	146	152	154	0.053787
959	149	146	152	155	0.156846
960	150	149	151	152	0.922214
961	149	148	151	152	0.162810
962	148	147	151	152	0.055362
963	147	146	151	152	0.022957
964	146	145	151	152	0.010693
965	149	147	151	153	0.291702
966	147	145	151	153	0.050153
967	148	145	151	154	0.152435
968	149	148	150	151	0.921253
969	148	147	150	151	0.170857
970	147	146	150	151	0.053730
971	146	145	150	151	0.021161
972	148	146	150	152	0.302889
973	148	147	149	150	1.084460
974	147	146	149	150	0.181112
975	146	145	149	150	0.051387
976	147	145	149	151	0.307399
977	147	146	148	149	1.138085
978	146	145	148	149	0.149245
979	146	145	147	148	1.106372
