636
1	147	148	146	145	1.061148
2	148	149	146	145	0.131306
3	149	150	146	145	0.049498
4	150	151	146	145	0.019566
5	151	152	146	145	0.010514
6	152	153	146	145	0.005732
7	153	154	146	145	0.003985
8	154	155	146	145	0.002743
9	148	149	147	146	1.112137
10	149	150	147	146	0.172807
11	150	151	147	146	0.050061
12	151	152	147	146	0.022842
13	152	153	147	146	0.010968
14	153	154	147	146	0.006485
15	149	151	147	145	0.291847
16	151	153	147	145	0.050103
17	149	150	148	147	1.000211
18	150	151	148	147	0.147009
19	151	152	148	147	0.052992
20	152	153	148	147	0.022693
21	153	154	148	147	0.013736
22	150	152	148	146	0.273017
23	152	154	148	146	0.054275
24	154	156	148	146	0.020936
25	156	158	148	146	0.008779
26	158	160	148	146	0.004820
27	160	79	148	146	0.002714
28	79	77	148	146	0.001539
29	77	75	148	146	0.000864
30	151	154	148	145	0.150418
31	154	157	148	145	0.032429
32	157	160	148	145	0.010453
33	160	78	148	145	0.005502
34	75	72	148	145	0.001143
35	72	69	148	145	0.000758
36	69	66	148	145	0.000639
37	150	151	149	148	0.724565
38	151	152	149	148	0.145081
39	152	153	149	148	0.048623
40	153	154	149	148	0.024996
41	154	155	149	148	0.013943
42	155	156	149	148	0.008109
43	156	157	149	148	0.004762
44	157	158	149	148	0.003033
45	151	153	149	147	0.269380
46	153	155	149	147	0.084058
47	152	155	149	146	0.154553
48	155	158	149	146	0.032894
49	158	80	149	146	0.011576
50	80	77	149	146	0.004764
51	77	74	149	146	0.002041
52	74	71	149	146	0.001134
53	71	68	149	146	0.000935
54	68	65	149	146	0.000698
55	153	157	149	145	0.108736
56	157	80	149	145	0.020727
57	80	76	149	145	0.007640
58	72	68	149	145	0.001473
59	151	152	150	149	0.895457
60	152	153	150	149	0.154172
61	153	154	150	149	0.061212
62	154	155	150	149	0.029712
63	155	156	150	149	0.015883
64	156	157	150	149	0.007661
65	157	158	150	149	0.005371
66	158	159	150	149	0.004348
67	152	154	150	148	0.288956
68	154	156	150	148	0.067633
69	156	158	150	148	0.020787
70	158	160	150	148	0.011683
71	160	79	150	148	0.004660
72	79	77	150	148	0.003133
73	77	75	150	148	0.001566
74	75	73	150	148	0.000895
75	153	156	150	147	0.180698
76	73	70	150	147	0.001297
77	154	158	150	146	0.118075
78	158	79	150	146	0.023919
79	79	75	150	146	0.007106
80	75	71	150	146	0.002599
81	71	67	150	146	0.001939
82	152	153	151	150	0.700698
83	153	154	151	150	0.157030
84	154	155	151	150	0.060371
85	155	156	151	150	0.027992
86	156	157	151	150	0.013927
87	157	158	151	150	0.008416
88	158	159	151	150	0.005326
89	153	155	151	149	0.308343
90	155	157	151	149	0.065523
91	157	159	151	149	0.022955
92	159	80	151	149	0.010881
93	80	78	151	149	0.004627
94	78	76	151	149	0.003019
95	74	72	151	149	0.000980
96	154	157	151	148	0.182442
97	157	160	151	148	0.036989
98	160	78	151	148	0.011297
99	78	75	151	148	0.004983
100	75	72	151	148	0.002229
101	72	69	151	148	0.001454
102	69	66	151	148	0.001174
103	155	159	151	147	0.095912
104	74	70	151	147	0.002812
105	70	66	151	147	0.001941
106	153	154	152	151	0.622615
107	154	155	152	151	0.151267
108	155	156	152	151	0.056618
109	156	157	152	151	0.024110
110	157	158	152	151	0.013145
111	158	159	152	151	0.008656
112	159	160	152	151	0.005603
113	160	80	152	151	0.003082
114	154	156	152	150	0.296249
115	156	158	152	150	0.059569
116	158	160	152	150	0.022920
117	160	79	152	150	0.009308
118	79	77	152	150	0.004446
119	77	75	152	150	0.002257
120	75	73	152	150	0.001537
121	73	71	152	150	0.000873
122	155	158	152	149	0.172969
123	158	80	152	149	0.037623
124	80	77	152	149	0.011351
125	77	74	152	149	0.004344
126	74	71	152	149	0.002187
127	71	68	152	149	0.001772
128	68	65	152	149	0.001222
129	156	160	152	148	0.114952
130	160	77	152	148	0.021555
131	77	73	152	148	0.006259
132	73	69	152	148	0.003001
133	69	65	152	148	0.002206
134	154	155	153	152	0.709430
135	155	156	153	152	0.162937
136	156	157	153	152	0.055247
137	157	158	153	152	0.026713
138	158	159	153	152	0.014657
139	159	160	153	152	0.009374
140	160	80	153	152	0.004646
141	80	79	153	152	0.002997
142	155	157	153	151	0.298967
143	157	159	153	151	0.063105
144	159	80	153	151	0.022760
145	80	78	153	151	0.008497
146	78	76	153	151	0.004611
147	76	74	153	151	0.002234
148	74	72	153	151	0.001414
149	72	70	153	151	0.001041
150	156	159	153	150	0.170112
151	159	79	153	150	0.035321
152	79	76	153	150	0.011271
153	76	73	153	150	0.003268
154	73	70	153	150	0.002249
155	70	67	153	150	0.001827
156	157	80	153	149	0.119679
157	80	76	153	149	0.020735
158	76	72	153	149	0.006223
159	72	68	153	149	0.003447
160	155	156	154	153	0.843448
161	156	157	154	153	0.162180
162	157	158	154	153	0.065538
163	158	159	154	153	0.032844
164	159	160	154	153	0.018739
165	160	80	154	153	0.008666
166	80	79	154	153	0.005165
167	79	78	154	153	0.003259
168	156	158	154	152	0.309647
169	158	160	154	152	0.075635
170	160	79	154	152	0.021485
171	79	77	154	152	0.009739
172	77	75	154	152	0.004361
173	75	73	154	152	0.002522
174	73	71	154	152	0.001538
175	71	69	154	152	0.001354
176	157	160	154	151	0.195202
177	160	78	154	151	0.033362
178	78	75	154	151	0.011323
179	75	72	154	151	0.004477
180	72	69	154	151	0.002691
181	69	66	154	151	0.002078
182	158	79	154	150	0.129300
183	79	75	154	150	0.020778
184	75	71	154	150	0.006469
185	71	67	154	150	0.004095
186	156	157	155	154	0.592622
187	157	158	155	154	0.162228
188	158	159	155	154	0.067693
189	159	160	155	154	0.034569
190	160	80	155	154	0.014813
191	80	79	155	154	0.008395
192	79	78	155	154	0.005133
193	78	77	155	154	0.003776
194	157	159	155	153	0.328050
195	159	80	155	153	0.077044
196	80	78	155	153	0.021978
197	78	76	155	153	0.010711
198	76	74	155	153	0.004418
199	74	72	155	153	0.002796
200	72	70	155	153	0.001967
201	70	68	155	153	0.001707
202	158	80	155	152	0.206124
203	80	77	155	152	0.035209
204	77	74	155	152	0.010763
205	74	71	155	152	0.004750
206	71	68	155	152	0.003583
207	68	65	155	152	0.002277
208	159	78	155	151	0.130347
209	78	74	155	151	0.021949
210	74	70	155	151	0.007207
211	70	66	155	151	0.004498
212	157	158	156	155	0.613357
213	158	159	156	155	0.159334
214	159	160	156	155	0.067792
215	160	80	156	155	0.025206
216	80	79	156	155	0.012768
217	79	78	156	155	0.007339
218	78	77	156	155	0.005565
219	77	76	156	155	0.003032
220	158	160	156	154	0.329399
221	160	79	156	154	0.061200
222	79	77	156	154	0.021810
223	77	75	156	154	0.008860
224	75	73	156	154	0.004825
225	73	71	156	154	0.002702
226	71	69	156	154	0.002412
227	69	67	156	154	0.001950
228	159	79	156	153	0.196436
229	79	76	156	153	0.035064
230	76	73	156	153	0.010736
231	73	70	156	153	0.005439
232	70	67	156	153	0.004059
233	160	77	156	152	0.114247
234	77	73	156	152	0.020567
235	73	69	156	152	0.008010
236	69	65	156	152	0.005156
237	158	159	157	156	0.537617
238	159	160	157	156	0.143364
239	160	80	157	156	0.042659
240	80	79	157	156	0.018736
241	79	78	157	156	0.009579
242	78	77	157	156	0.007885
243	159	80	157	155	0.279794
244	80	78	157	155	0.048607
245	78	76	157	155	0.020054
246	76	74	157	155	0.007819
247	74	72	157	155	0.004317
248	72	70	157	155	0.002880
249	70	68	157	155	0.002434
250	68	66	157	155	0.001577
251	160	78	157	154	0.144898
252	78	75	157	154	0.032058
253	75	72	157	154	0.010424
254	72	69	157	154	0.005629
255	69	66	157	154	0.004036
256	80	76	157	153	0.101162
257	76	72	157	153	0.019521
258	72	68	157	153	0.008979
259	160	79	158	156	0.207937
260	79	77	158	156	0.048216
261	77	75	158	156	0.015884
262	75	73	158	156	0.007332
263	73	71	158	156	0.003842
264	71	69	158	156	0.003368
265	69	67	158	156	0.002729
266	67	65	158	156	0.001559
267	80	77	158	155	0.129698
268	77	74	158	155	0.026554
269	74	71	158	155	0.009530
270	71	68	158	155	0.006857
271	68	65	158	155	0.003845
272	79	75	158	154	0.089971
273	75	71	158	154	0.017860
274	71	67	158	154	0.009934
275	78	75	160	157	0.140818
276	75	72	160	157	0.029172
277	72	69	160	157	0.012868
278	69	66	160	157	0.008002
279	77	73	160	156	0.088299
280	73	69	160	156	0.022412
281	69	65	160	156	0.011824
282	79	78	80	160	0.368749
283	78	77	80	160	0.111074
284	77	76	80	160	0.034410
285	76	75	80	160	0.015572
286	75	74	80	160	0.008204
287	74	73	80	160	0.006424
288	73	72	80	160	0.003723
289	76	72	80	157	0.081111
290	72	68	80	157	0.024996
291	78	77	79	80	0.337515
292	75	74	79	80	0.004683
293	74	73	79	80	0.015537
294	73	72	79	80	0.004901
295	72	71	79	80	0.023345
296	76	74	78	80	0.031455
297	74	72	78	80	0.007177
298	72	70	78	80	0.003195
299	70	68	78	80	0.002546
300	68	66	78	80	0.000923
301	74	71	77	80	0.092472
302	68	65	77	80	0.010752
303	73	69	77	160	0.060118
304	69	65	77	160	0.022175
305	72	68	76	80	0.054232
306	73	71	75	77	0.066129
307	71	69	75	77	0.019515
308	69	67	75	77	0.010431
309	67	65	75	77	0.004757
310	73	72	74	75	0.144588
311	72	71	74	75	0.036965
312	71	70	74	75	0.015723
313	70	69	74	75	0.008715
314	69	68	74	75	0.005959
315	68	67	74	75	0.003431
316	67	66	74	75	0.001677
317	66	65	74	75	0.001733
318	71	68	74	77	0.056297
319	68	65	74	77	0.015625
320	72	71	73	74	0.129596
321	71	70	73	74	0.033090
322	70	69	73	74	0.014549
323	69	68	73	74	0.008448
324	68	67	73	74	0.004262
325	67	66	73	74	0.002049
326	66	65	73	74	0.001995
327	71	69	73	75	0.072075
328	69	67	73	75	0.022087
329	67	65	73	75	0.007456
330	69	65	73	77	0.044722
331	71	70	72	73	0.139592
332	70	69	72	73	0.036799
333	69	68	72	73	0.015661
334	68	67	72	73	0.006735
335	67	66	72	73	0.003033
336	66	65	72	73	0.002618
337	70	68	72	74	0.075444
338	68	66	72	74	0.016085
339	69	66	72	75	0.051246
340	70	69	71	72	0.228727
341	69	68	71	72	0.037397
342	67	66	71	72	0.037162
343	66	65	71	72	0.003876
344	69	67	71	73	0.039986
345	67	65	71	73	0.046381
346	68	65	71	74	0.041616
347	69	68	70	71	0.145197
348	68	67	70	71	0.065336
349	66	65	70	71	0.006452
350	68	66	70	72	0.060948
351	68	67	69	70	0.096657
352	67	66	69	70	0.020893
353	66	65	69	70	0.012182
354	67	66	68	69	0.132341
355	66	65	68	69	0.043874
356	66	65	67	68	0.201907
357	70	71	66	65	0.006530
358	71	72	66	65	0.003694
359	68	69	67	66	0.132067
360	69	70	67	66	0.020617
361	71	72	67	66	0.015914
362	69	71	67	65	0.036879
363	71	73	67	65	0.025747
364	75	77	67	65	0.004773
365	79	160	67	65	0.003593
366	160	158	67	65	0.002836
367	158	156	67	65	0.001571
368	69	70	68	67	0.076893
369	70	71	68	67	0.065206
370	74	75	68	67	0.003435
371	70	72	68	66	0.080769
372	72	74	68	66	0.016149
373	76	78	68	66	0.005849
374	80	159	68	66	0.004081
375	159	157	68	66	0.002437
376	71	74	68	65	0.041542
377	74	77	68	65	0.015555
378	77	80	68	65	0.010737
379	80	158	68	65	0.007880
380	158	155	68	65	0.003887
381	155	152	68	65	0.002282
382	152	149	68	65	0.001225
383	149	146	68	65	0.000693
384	70	71	69	68	0.122084
385	71	72	69	68	0.037102
386	72	73	69	68	0.015681
387	73	74	69	68	0.008466
388	74	75	69	68	0.005904
389	71	73	69	67	0.059923
390	73	75	69	67	0.022116
391	75	77	69	67	0.010384
392	77	79	69	67	0.007713
393	79	160	69	67	0.006849
394	160	158	69	67	0.004662
395	158	156	69	67	0.002724
396	156	154	69	67	0.001960
397	72	75	69	66	0.051217
398	75	78	69	66	0.018016
399	78	160	69	66	0.012945
400	160	157	69	66	0.007934
401	157	154	69	66	0.004045
402	154	151	69	66	0.002064
403	151	148	69	66	0.001183
404	148	145	69	66	0.000639
405	73	77	69	65	0.044684
406	77	160	69	65	0.022249
407	160	156	69	65	0.011801
408	156	152	69	65	0.005204
409	152	148	69	65	0.001392
410	71	72	70	69	0.171560
411	72	73	70	69	0.034400
412	73	74	70	69	0.014130
413	74	75	70	69	0.008379
414	72	74	70	68	0.073467
415	76	78	70	68	0.012657
416	157	155	70	68	0.002572
417	73	76	70	67	0.052525
418	79	159	70	67	0.014954
419	156	153	70	67	0.004064
420	153	150	70	67	0.001816
421	150	147	70	67	0.001046
422	74	78	70	66	0.047256
423	78	159	70	66	0.024734
424	155	151	70	66	0.004500
425	151	147	70	66	0.001880
426	72	73	71	70	0.140430
427	73	74	71	70	0.033489
428	74	75	71	70	0.015876
429	73	75	71	69	0.072209
430	75	77	71	69	0.019985
431	77	79	71	69	0.010698
432	79	160	71	69	0.009187
433	160	158	71	69	0.006900
434	158	156	71	69	0.003138
435	156	154	71	69	0.002277
436	154	152	71	69	0.001303
437	74	77	71	68	0.056678
438	77	80	71	68	0.015427
439	80	158	71	68	0.022501
440	158	155	71	68	0.006569
441	155	152	71	68	0.003479
442	152	149	71	68	0.001721
443	149	146	71	68	0.000929
444	75	79	71	67	0.048831
445	79	158	71	67	0.027574
446	158	154	71	67	0.010110
447	154	150	71	67	0.004023
448	150	146	71	67	0.001875
449	73	74	72	71	0.129761
450	74	75	72	71	0.036652
451	75	76	72	71	0.013683
452	74	76	72	70	0.075676
453	76	78	72	70	0.022270
454	157	155	72	70	0.002669
455	155	153	72	70	0.001971
456	153	151	72	70	0.001041
457	75	78	72	69	0.054741
458	78	160	72	69	0.023091
459	160	157	72	69	0.012899
460	157	154	72	69	0.005536
461	154	151	72	69	0.002692
462	151	148	72	69	0.001453
463	148	145	72	69	0.000767
464	76	80	72	68	0.056207
465	80	157	72	68	0.024870
466	157	153	72	68	0.008936
467	153	149	72	68	0.003422
468	149	145	72	68	0.001517
469	74	75	73	72	0.143939
470	75	76	73	72	0.029562
471	79	80	73	72	0.005001
472	80	160	73	72	0.003790
473	75	77	73	71	0.065833
474	77	79	73	71	0.026057
475	79	160	73	71	0.014148
476	160	158	73	71	0.008284
477	158	156	73	71	0.004032
478	156	154	73	71	0.002829
479	154	152	73	71	0.001591
480	152	150	73	71	0.000949
481	79	159	73	70	0.025505
482	156	153	73	70	0.005234
483	153	150	73	70	0.002283
484	150	147	73	70	0.001336
485	77	160	73	69	0.060045
486	160	156	73	69	0.022395
487	156	152	73	69	0.008002
488	152	148	73	69	0.003017
489	75	76	74	73	0.111563
490	76	77	74	73	0.032929
491	77	78	74	73	0.015194
492	80	160	74	73	0.005892
493	159	158	74	73	0.002757
494	76	78	74	72	0.071217
495	78	80	74	72	0.027381
496	80	159	74	72	0.017412
497	159	157	74	72	0.008162
498	157	155	74	72	0.004289
499	155	153	74	72	0.002785
500	153	151	74	72	0.001414
501	151	149	74	72	0.000977
502	77	80	74	71	0.071830
503	158	155	74	71	0.009895
504	155	152	74	71	0.004869
505	152	149	74	71	0.002228
506	149	146	74	71	0.001148
507	78	159	74	70	0.064156
508	155	151	74	70	0.007257
509	76	77	75	74	0.153874
510	77	78	75	74	0.047514
511	160	159	75	74	0.006393
512	159	158	75	74	0.004048
513	158	157	75	74	0.002487
514	77	79	75	73	0.088262
515	79	160	75	73	0.035177
516	160	158	75	73	0.018339
517	158	156	75	73	0.007391
518	156	154	75	73	0.004802
519	154	152	75	73	0.002537
520	152	150	75	73	0.001474
521	150	148	75	73	0.000961
522	78	160	75	72	0.077479
523	160	157	75	72	0.029185
524	157	154	75	72	0.010422
525	154	151	75	72	0.004503
526	151	148	75	72	0.002224
527	148	145	75	72	0.001104
528	79	158	75	71	0.075953
529	158	154	75	71	0.019045
530	154	150	75	71	0.006549
531	150	146	75	71	0.002673
532	79	160	77	75	0.142581
533	160	158	77	75	0.046610
534	158	156	77	75	0.015727
535	156	154	77	75	0.008861
536	154	152	77	75	0.004334
537	152	150	77	75	0.002303
538	150	148	77	75	0.001500
539	148	146	77	75	0.000880
540	80	158	77	74	0.114924
541	158	155	77	74	0.026570
542	155	152	77	74	0.010742
543	152	149	77	74	0.004319
544	149	146	77	74	0.002045
545	160	156	77	73	0.088060
546	156	152	77	73	0.020534
547	152	148	77	73	0.006236
548	158	155	80	77	0.131124
549	155	152	80	77	0.035217
550	152	149	80	77	0.011363
551	149	146	80	77	0.004765
552	159	158	160	80	0.501710
553	158	157	160	80	0.108859
554	157	156	160	80	0.042668
555	156	155	160	80	0.025120
556	155	154	160	80	0.014730
557	154	153	160	80	0.008652
558	153	152	160	80	0.004657
559	152	151	160	80	0.003071
560	156	152	160	77	0.114094
561	152	148	160	77	0.021537
562	154	151	157	160	0.194841
563	151	148	157	160	0.037048
564	148	145	157	160	0.011083
565	153	149	157	80	0.119399
566	149	145	157	80	0.021476
567	155	154	156	157	0.591185
568	154	153	156	157	0.162384
569	153	152	156	157	0.055220
570	152	151	156	157	0.024147
571	151	150	156	157	0.013500
572	150	149	156	157	0.008277
573	149	148	156	157	0.004596
574	152	148	156	160	0.114935
575	154	153	155	156	0.749775
576	153	152	155	156	0.162976
577	152	151	155	156	0.056666
578	151	150	155	156	0.027971
579	150	149	155	156	0.015885
580	149	148	155	156	0.008117
581	147	146	155	156	0.168821
582	153	151	155	157	0.298917
583	151	149	155	157	0.065632
584	147	145	155	157	0.177158
585	153	152	154	155	0.708020
586	152	151	154	155	0.151306
587	151	150	154	155	0.060315
588	150	149	154	155	0.029759
589	149	148	154	155	0.013916
590	148	147	154	155	0.167890
591	146	145	154	155	0.002738
592	152	150	154	156	0.296225
593	150	148	154	156	0.067674
594	148	146	154	156	0.020975
595	151	148	154	157	0.182325
596	148	145	154	157	0.031862
597	152	151	153	154	0.620826
598	151	150	153	154	0.156502
599	150	149	153	154	0.061212
600	149	148	153	154	0.024944
601	148	147	153	154	0.017485
602	147	146	153	154	0.003003
603	146	145	153	154	0.003997
604	151	149	153	155	0.307824
605	149	147	153	155	0.223235
606	150	147	153	156	0.183686
607	149	145	153	157	0.107862
608	151	150	152	153	0.699884
609	150	149	152	153	0.154607
610	149	148	152	153	0.048630
611	148	147	152	153	0.023752
612	147	146	152	153	0.010036
613	146	145	152	153	0.005729
614	150	148	152	154	0.289349
615	148	146	152	154	0.054271
616	149	146	152	155	0.154539
617	150	149	151	152	0.897265
618	149	148	151	152	0.144894
619	148	147	151	152	0.053716
620	147	146	151	152	0.022232
621	146	145	151	152	0.010523
622	149	147	151	153	0.270895
623	147	145	151	153	0.048534
624	148	145	151	154	0.150405
625	149	148	150	151	0.727397
626	148	147	150	151	0.148410
627	147	146	150	151	0.049591
628	146	145	150	151	0.019652
629	148	146	150	152	0.273949
630	148	147	149	150	1.002971
631	147	146	149	150	0.171833
632	146	145	149	150	0.049467
633	147	145	149	151	0.290672
634	147	146	148	149	1.112193
635	146	145	148	149	0.131632
636	146	145	147	148	1.068911
