959
1	147	148	146	145	1.196595
2	148	149	146	145	0.144854
3	149	150	146	145	0.049656
4	150	151	146	145	0.020528
5	151	152	146	145	0.010574
6	152	153	146	145	0.005473
7	153	154	146	145	0.003982
8	154	155	146	145	0.002722
9	148	149	147	146	1.205221
10	149	150	147	146	0.177331
11	150	151	147	146	0.052685
12	151	152	147	146	0.023036
13	152	153	147	146	0.010708
14	153	154	147	146	0.007195
15	154	155	147	146	0.004601
16	155	156	147	146	0.003009
17	149	151	147	145	0.300143
18	151	153	147	145	0.049779
19	153	155	147	145	0.018489
20	155	157	147	145	0.008077
21	157	159	147	145	0.004308
22	159	80	147	145	0.002735
23	80	78	147	145	0.001484
24	78	76	147	145	0.000959
25	149	150	148	147	1.042661
26	150	151	148	147	0.161135
27	151	152	148	147	0.053991
28	152	153	148	147	0.021764
29	153	154	148	147	0.013272
30	154	155	148	147	0.007939
31	155	156	148	147	0.004901
32	156	157	148	147	0.003080
33	150	152	148	146	0.290888
34	152	154	148	146	0.052952
35	154	156	148	146	0.020452
36	156	158	148	146	0.008581
37	158	160	148	146	0.005187
38	160	79	148	146	0.002609
39	79	77	148	146	0.001597
40	77	75	148	146	0.000906
41	151	154	148	145	0.150000
42	154	157	148	145	0.031310
43	157	160	148	145	0.011176
44	160	78	148	145	0.004536
45	78	75	148	145	0.002197
46	75	72	148	145	0.001169
47	72	69	148	145	0.000818
48	69	66	148	145	0.000644
49	150	151	149	148	0.840845
50	151	152	149	148	0.151864
51	152	153	149	148	0.047682
52	153	154	149	148	0.025334
53	154	155	149	148	0.013797
54	155	156	149	148	0.007973
55	156	157	149	148	0.004746
56	157	158	149	148	0.003154
57	151	153	149	147	0.275261
58	153	155	149	147	0.060331
59	155	157	149	147	0.020697
60	157	159	149	147	0.009322
61	159	80	149	147	0.005248
62	80	78	149	147	0.002661
63	78	76	149	147	0.001676
64	76	74	149	147	0.000873
65	152	155	149	146	0.152297
66	155	158	149	146	0.032370
67	158	80	149	146	0.012034
68	80	77	149	146	0.004820
69	77	74	149	146	0.002120
70	74	71	149	146	0.001262
71	71	68	149	146	0.000992
72	68	65	149	146	0.000611
73	153	157	149	145	0.107599
74	157	80	149	145	0.021617
75	80	76	149	145	0.006791
76	76	72	149	145	0.002516
77	72	68	149	145	0.001640
78	151	152	150	149	0.883557
79	152	153	150	149	0.146276
80	153	154	150	149	0.059973
81	154	155	150	149	0.028347
82	155	156	150	149	0.014966
83	156	157	150	149	0.008317
84	157	158	150	149	0.005289
85	158	159	150	149	0.003761
86	152	154	150	148	0.279231
87	154	156	150	148	0.065073
88	156	158	150	148	0.021501
89	158	160	150	148	0.010937
90	160	79	150	148	0.004879
91	79	77	150	148	0.002834
92	77	75	150	148	0.001528
93	75	73	150	148	0.001002
94	153	156	150	147	0.176445
95	156	159	150	147	0.034501
96	159	79	150	147	0.012588
97	79	76	150	147	0.004924
98	76	73	150	147	0.002222
99	73	70	150	147	0.001386
100	70	67	150	147	0.001151
101	154	158	150	146	0.115599
102	158	79	150	146	0.023615
103	79	75	150	146	0.006872
104	75	71	150	146	0.002819
105	71	67	150	146	0.001906
106	152	153	151	150	0.718600
107	153	154	151	150	0.165758
108	154	155	151	150	0.061450
109	155	156	151	150	0.028077
110	156	157	151	150	0.014272
111	157	158	151	150	0.008391
112	158	159	151	150	0.005629
113	159	160	151	150	0.004107
114	153	155	151	149	0.315560
115	155	157	151	149	0.065633
116	157	159	151	149	0.023075
117	159	80	151	149	0.010840
118	80	78	151	149	0.004974
119	78	76	151	149	0.002902
120	76	74	151	149	0.001530
121	74	72	151	149	0.001069
122	154	157	151	148	0.181938
123	157	160	151	148	0.037503
124	160	78	151	148	0.011430
125	78	75	151	148	0.004909
126	75	72	151	148	0.002378
127	72	69	151	148	0.001568
128	69	66	151	148	0.001180
129	155	159	151	147	0.118698
130	159	78	151	147	0.023710
131	78	74	151	147	0.006972
132	74	70	151	147	0.003053
133	70	66	151	147	0.002033
134	153	154	152	151	0.697967
135	154	155	152	151	0.158219
136	155	156	152	151	0.057646
137	156	157	152	151	0.025811
138	157	158	152	151	0.013814
139	158	159	152	151	0.008626
140	159	160	152	151	0.005985
141	160	80	152	151	0.003060
142	154	156	152	150	0.305349
143	156	158	152	150	0.062287
144	158	160	152	150	0.024344
145	160	79	152	150	0.009175
146	79	77	152	150	0.004790
147	77	75	152	150	0.002459
148	75	73	152	150	0.001590
149	73	71	152	150	0.001052
150	155	158	152	149	0.176575
151	158	80	152	149	0.037905
152	80	77	152	149	0.011616
153	77	74	152	149	0.004509
154	74	71	152	149	0.002467
155	71	68	152	149	0.001818
156	68	65	152	149	0.001065
157	156	160	152	148	0.119070
158	160	77	152	148	0.021683
159	77	73	152	148	0.006574
160	73	69	152	148	0.003256
161	69	65	152	148	0.002050
162	154	155	153	152	0.703718
163	155	156	153	152	0.158384
164	156	157	153	152	0.056782
165	157	158	153	152	0.026292
166	158	159	153	152	0.014652
167	159	160	153	152	0.009362
168	160	80	153	152	0.004446
169	80	79	153	152	0.003025
170	155	157	153	151	0.298612
171	157	159	153	151	0.063382
172	159	80	153	151	0.022858
173	80	78	153	151	0.008647
174	78	76	153	151	0.004647
175	76	74	153	151	0.002279
176	74	72	153	151	0.001530
177	72	70	153	151	0.001101
178	156	159	153	150	0.174256
179	159	79	153	150	0.036097
180	79	76	153	150	0.010840
181	76	73	153	150	0.004284
182	73	70	153	150	0.002474
183	70	67	153	150	0.001910
184	157	80	153	149	0.120148
185	80	76	153	149	0.021174
186	76	72	153	149	0.006407
187	72	68	153	149	0.003647
188	155	156	154	153	0.680106
189	156	157	154	153	0.170242
190	157	158	154	153	0.066229
191	158	159	154	153	0.032795
192	159	160	154	153	0.019281
193	160	80	154	153	0.008485
194	80	79	154	153	0.005453
195	79	78	154	153	0.003366
196	156	158	154	152	0.319581
197	158	160	154	152	0.076097
198	160	79	154	152	0.021417
199	79	77	154	152	0.009599
200	77	75	154	152	0.004492
201	75	73	154	152	0.002677
202	73	71	154	152	0.001737
203	71	69	154	152	0.001352
204	157	160	154	151	0.197031
205	160	78	154	151	0.033474
206	78	75	154	151	0.011359
207	75	72	154	151	0.004791
208	72	69	154	151	0.002892
209	69	66	154	151	0.002041
210	158	79	154	150	0.131003
211	79	75	154	150	0.021336
212	75	71	154	150	0.007056
213	71	67	154	150	0.004128
214	156	157	155	154	0.639343
215	157	158	155	154	0.163222
216	158	159	155	154	0.066770
217	159	160	155	154	0.035166
218	160	80	155	154	0.014195
219	80	79	155	154	0.008490
220	79	78	155	154	0.005025
221	78	77	155	154	0.003880
222	157	159	155	153	0.329013
223	159	80	155	153	0.077129
224	80	78	155	153	0.022342
225	78	76	155	153	0.010642
226	76	74	155	153	0.004731
227	74	72	155	153	0.003029
228	72	70	155	153	0.002075
229	70	68	155	153	0.001804
230	158	80	155	152	0.205171
231	80	77	155	152	0.035479
232	77	74	155	152	0.011081
233	74	71	155	152	0.005292
234	71	68	155	152	0.003572
235	68	65	155	152	0.001950
236	159	78	155	151	0.130980
237	78	74	155	151	0.022305
238	74	70	155	151	0.007749
239	70	66	155	151	0.004561
240	157	158	156	155	0.578963
241	158	159	156	155	0.150534
242	159	160	156	155	0.065343
243	160	80	156	155	0.023225
244	80	79	156	155	0.012576
245	79	78	156	155	0.006995
246	78	77	156	155	0.005228
247	77	76	156	155	0.003116
248	158	160	156	154	0.317794
249	160	79	156	154	0.058483
250	79	77	156	154	0.021136
251	77	75	156	154	0.008915
252	75	73	156	154	0.004942
253	73	71	156	154	0.003002
254	71	69	156	154	0.002280
255	69	67	156	154	0.001882
256	159	79	156	153	0.192202
257	79	76	156	153	0.034381
258	76	73	156	153	0.011085
259	73	70	156	153	0.005667
260	70	67	156	153	0.004066
261	160	77	156	152	0.110635
262	77	73	156	152	0.021021
263	73	69	156	152	0.008368
264	69	65	156	152	0.004663
265	158	159	157	156	0.544289
266	159	160	157	156	0.147734
267	160	80	157	156	0.041721
268	80	79	157	156	0.019666
269	79	78	157	156	0.010164
270	78	77	157	156	0.007156
271	77	76	157	156	0.004014
272	76	75	157	156	0.002421
273	159	80	157	155	0.277985
274	80	78	157	155	0.049398
275	78	76	157	155	0.019512
276	76	74	157	155	0.007702
277	74	72	157	155	0.004565
278	72	70	157	155	0.002973
279	70	68	157	155	0.002482
280	68	66	157	155	0.001489
281	160	78	157	154	0.142031
282	78	75	157	154	0.031609
283	75	72	157	154	0.010897
284	72	69	157	154	0.005891
285	69	66	157	154	0.003838
286	80	76	157	153	0.101877
287	76	72	157	153	0.020031
288	72	68	157	153	0.009327
289	159	160	158	157	0.615290
290	160	80	158	157	0.107091
291	80	79	158	157	0.039836
292	79	78	158	157	0.018262
293	78	77	158	157	0.011858
294	77	76	158	157	0.006284
295	76	75	158	157	0.003522
296	75	74	158	157	0.002635
297	160	79	158	156	0.208322
298	79	77	158	156	0.047451
299	77	75	158	156	0.016241
300	75	73	158	156	0.007897
301	73	71	158	156	0.004422
302	71	69	158	156	0.003189
303	69	67	158	156	0.002508
304	67	65	158	156	0.001262
305	80	77	158	155	0.131744
306	77	74	158	155	0.027277
307	74	71	158	155	0.010657
308	71	68	158	155	0.006472
309	68	65	158	155	0.003258
310	79	75	158	154	0.093733
311	75	71	158	154	0.020252
312	71	67	158	154	0.009861
313	160	80	159	158	0.516564
314	80	79	159	158	0.106905
315	79	78	159	158	0.040161
316	78	77	159	158	0.023335
317	77	76	159	158	0.011264
318	76	75	159	158	0.006040
319	75	74	159	158	0.004300
320	74	73	159	158	0.003077
321	80	78	159	157	0.205145
322	78	76	159	157	0.052729
323	76	74	159	157	0.016496
324	74	72	159	157	0.008621
325	72	70	159	157	0.005148
326	70	68	159	157	0.004006
327	68	66	159	157	0.002294
328	79	76	159	156	0.132497
329	76	73	159	156	0.027245
330	73	70	159	156	0.011348
331	70	67	159	156	0.007177
332	78	74	159	155	0.096446
333	74	70	159	155	0.021302
334	70	66	159	155	0.010273
335	80	79	160	159	0.498480
336	79	78	160	159	0.108916
337	78	77	160	159	0.050227
338	77	76	160	159	0.020972
339	76	75	160	159	0.010384
340	75	74	160	159	0.006951
341	74	73	160	159	0.004744
342	73	72	160	159	0.003265
343	79	77	160	158	0.222643
344	77	75	160	158	0.048655
345	75	73	160	158	0.019071
346	73	71	160	158	0.009334
347	71	69	160	158	0.006476
348	69	67	160	158	0.004656
349	67	65	160	158	0.002259
350	78	75	160	157	0.143860
351	75	72	160	157	0.030512
352	72	69	160	157	0.013304
353	69	66	160	157	0.007671
354	77	73	160	156	0.091861
355	73	69	160	156	0.023420
356	69	65	160	156	0.010692
357	79	78	80	160	0.352157
358	78	77	80	160	0.102208
359	77	76	80	160	0.034055
360	76	75	80	160	0.014393
361	75	74	80	160	0.008738
362	74	73	80	160	0.005695
363	73	72	80	160	0.003665
364	78	76	80	159	0.207488
365	76	74	80	159	0.040462
366	74	72	80	159	0.017368
367	72	70	80	159	0.009199
368	70	68	80	159	0.006672
369	68	66	80	159	0.003597
370	77	74	80	158	0.117109
371	74	71	80	158	0.025502
372	71	68	80	158	0.018405
373	68	65	80	158	0.006509
374	76	72	80	157	0.082943
375	72	68	80	157	0.025024
376	78	77	79	80	0.327156
377	77	76	79	80	0.071216
378	76	75	79	80	0.024696
379	75	74	79	80	0.012745
380	74	73	79	80	0.008789
381	73	72	79	80	0.004992
382	72	71	79	80	0.006799
383	77	75	79	160	0.142569
384	75	73	79	160	0.035557
385	73	71	79	160	0.014546
386	71	69	79	160	0.008662
387	69	67	79	160	0.005901
388	67	65	79	160	0.002702
389	71	70	78	79	0.001815
390	76	74	78	80	0.096296
391	74	72	78	80	0.028322
392	72	70	78	80	0.012708
393	70	68	78	80	0.008258
394	68	66	78	80	0.004178
395	75	72	78	160	0.078006
396	72	69	78	160	0.023595
397	69	66	78	160	0.011463
398	74	70	78	159	0.067611
399	70	66	78	159	0.022694
400	76	75	77	78	0.147175
401	75	74	77	78	0.041560
402	74	73	77	78	0.017294
403	73	72	77	78	0.008746
404	72	71	77	78	0.005976
405	71	70	77	78	0.003552
406	70	69	77	78	0.002942
407	69	68	77	78	0.002480
408	75	73	77	79	0.087012
409	73	71	77	79	0.024299
410	71	69	77	79	0.010924
411	69	67	77	79	0.007188
412	67	65	77	79	0.003168
413	74	71	77	80	0.071839
414	71	68	77	80	0.018435
415	68	65	77	80	0.008721
416	73	69	77	160	0.058881
417	69	65	77	160	0.019067
418	75	74	76	77	0.145504
419	74	73	76	77	0.035861
420	73	72	76	77	0.014210
421	72	71	76	77	0.007706
422	71	70	76	77	0.004434
423	70	69	76	77	0.003444
424	69	68	76	77	0.002834
425	68	67	76	77	0.001664
426	74	72	76	78	0.076080
427	72	70	76	78	0.021688
428	70	68	76	78	0.011654
429	68	66	76	78	0.005213
430	72	68	76	80	0.054097
431	74	73	75	76	0.123519
432	73	72	75	76	0.029287
433	72	71	75	76	0.012591
434	71	70	75	76	0.006544
435	70	69	75	76	0.004387
436	69	68	75	76	0.003240
437	68	67	75	76	0.001870
438	67	66	75	76	0.001074
439	73	71	75	77	0.063741
440	71	69	75	77	0.018900
441	69	67	75	77	0.009562
442	67	65	75	77	0.003659
443	72	69	75	78	0.051665
444	69	66	75	78	0.016662
445	73	72	74	75	0.118072
446	72	71	74	75	0.031819
447	71	70	74	75	0.013147
448	70	69	74	75	0.007687
449	69	68	74	75	0.005093
450	68	67	74	75	0.002716
451	67	66	74	75	0.001476
452	66	65	74	75	0.001066
453	72	70	74	76	0.064120
454	70	68	74	76	0.020388
455	68	66	74	76	0.007139
456	71	68	74	77	0.050847
457	68	65	74	77	0.012453
458	70	66	74	78	0.044379
459	72	71	73	74	0.123763
460	71	70	73	74	0.030803
461	70	69	73	74	0.014493
462	69	68	73	74	0.008205
463	68	67	73	74	0.003901
464	67	66	73	74	0.002026
465	66	65	73	74	0.001404
466	71	69	73	75	0.066121
467	69	67	73	75	0.019911
468	67	65	73	75	0.005983
469	70	67	73	76	0.051547
470	69	65	73	77	0.039106
471	71	70	72	73	0.114897
472	70	69	72	73	0.033682
473	69	68	72	73	0.014273
474	68	67	72	73	0.005856
475	67	66	72	73	0.002764
476	66	65	72	73	0.001813
477	70	68	72	74	0.070637
478	68	66	72	74	0.014545
479	69	66	72	75	0.046304
480	70	69	71	72	0.193841
481	69	68	71	72	0.035087
482	68	67	71	72	0.010431
483	67	66	71	72	0.005222
484	66	65	71	72	0.002722
485	69	67	71	73	0.065618
486	67	65	71	73	0.012527
487	68	65	71	74	0.036136
488	69	68	70	71	0.130701
489	68	67	70	71	0.025314
490	67	66	70	71	0.007753
491	66	65	70	71	0.004610
492	68	66	70	72	0.048849
493	68	67	69	70	0.096167
494	67	66	69	70	0.021490
495	66	65	69	70	0.009698
496	67	65	69	71	0.043629
497	67	66	68	69	0.146972
498	66	65	68	69	0.038185
499	66	65	67	68	0.169216
500	73	74	66	65	0.001412
501	68	69	67	66	0.146924
502	73	74	67	66	0.002028
503	69	71	67	65	0.044004
504	75	77	67	65	0.003653
505	160	158	67	65	0.002265
506	69	70	68	67	0.096598
507	70	71	68	67	0.024716
508	71	72	68	67	0.010805
509	73	74	68	67	0.003905
510	70	72	68	66	0.048413
511	72	74	68	66	0.014542
512	76	78	68	66	0.005212
513	78	80	68	66	0.004166
514	80	159	68	66	0.003598
515	159	157	68	66	0.002295
516	71	74	68	65	0.036126
517	74	77	68	65	0.012441
518	77	80	68	65	0.008722
519	80	158	68	65	0.006519
520	155	152	68	65	0.001952
521	152	149	68	65	0.001064
522	149	146	68	65	0.000612
523	70	71	69	68	0.129183
524	71	72	69	68	0.035111
525	72	73	69	68	0.014248
526	73	74	69	68	0.008213
527	74	75	69	68	0.005083
528	77	78	69	68	0.002477
529	71	73	69	67	0.066028
530	73	75	69	67	0.019911
531	75	77	69	67	0.009564
532	79	160	69	67	0.006028
533	160	158	69	67	0.004656
534	158	156	69	67	0.002514
535	156	154	69	67	0.001872
536	72	75	69	66	0.046263
537	75	78	69	66	0.016664
538	78	160	69	66	0.011477
539	160	157	69	66	0.007656
540	157	154	69	66	0.003862
541	154	151	69	66	0.002042
542	151	148	69	66	0.001175
543	148	145	69	66	0.000646
544	73	77	69	65	0.039103
545	77	160	69	65	0.019075
546	160	156	69	65	0.010700
547	156	152	69	65	0.004668
548	152	148	69	65	0.002042
549	71	72	70	69	0.165335
550	72	73	70	69	0.032494
551	73	74	70	69	0.014294
552	74	75	70	69	0.007547
553	77	78	70	69	0.002877
554	72	74	70	68	0.069257
555	74	76	70	68	0.019986
556	76	78	70	68	0.011768
557	78	80	70	68	0.008218
558	80	159	70	68	0.006664
559	159	157	70	68	0.003957
560	73	76	70	67	0.051021
561	76	79	70	67	0.020100
562	79	159	70	67	0.014518
563	159	156	70	67	0.007165
564	156	153	70	67	0.004030
565	153	150	70	67	0.001914
566	150	147	70	67	0.001133
567	74	78	70	66	0.044127
568	78	159	70	66	0.022638
569	159	155	70	66	0.010265
570	155	151	70	66	0.004517
571	151	147	70	66	0.002013
572	72	73	71	70	0.116161
573	73	74	71	70	0.031125
574	74	75	71	70	0.013267
575	75	76	71	70	0.006758
576	76	77	71	70	0.004509
577	77	78	71	70	0.003653
578	73	75	71	69	0.066155
579	75	77	71	69	0.018961
580	77	79	71	69	0.011224
581	79	160	71	69	0.008598
582	160	158	71	69	0.006374
583	158	156	71	69	0.003168
584	156	154	71	69	0.002281
585	154	152	71	69	0.001342
586	74	77	71	68	0.050897
587	77	80	71	68	0.020542
588	80	158	71	68	0.016427
589	158	155	71	68	0.006456
590	155	152	71	68	0.003566
591	152	149	71	68	0.001817
592	149	146	71	68	0.000993
593	75	79	71	67	0.046913
594	79	158	71	67	0.025704
595	158	154	71	67	0.009847
596	154	150	71	67	0.004156
597	150	146	71	67	0.001878
598	73	74	72	71	0.123486
599	74	75	72	71	0.031722
600	75	76	72	71	0.012611
601	76	77	72	71	0.007737
602	77	78	72	71	0.005839
603	78	79	72	71	0.004172
604	74	76	72	70	0.064457
605	76	78	72	70	0.021475
606	78	80	72	70	0.012704
607	80	159	72	70	0.009180
608	159	157	72	70	0.005188
609	157	155	72	70	0.002923
610	153	151	72	70	0.001101
611	75	78	72	69	0.051661
612	78	160	72	69	0.023570
613	160	157	72	69	0.013302
614	157	154	72	69	0.005865
615	154	151	72	69	0.002888
616	151	148	72	69	0.001559
617	148	145	72	69	0.000819
618	76	80	72	68	0.054267
619	80	157	72	68	0.025017
620	157	153	72	68	0.009322
621	153	149	72	68	0.003632
622	149	145	72	68	0.001612
623	74	75	73	72	0.117970
624	75	76	73	72	0.029218
625	76	77	73	72	0.014295
626	77	78	73	72	0.008724
627	80	160	73	72	0.003677
628	160	159	73	72	0.003254
629	75	77	73	71	0.063834
630	77	79	73	71	0.024109
631	79	160	73	71	0.014889
632	160	158	73	71	0.009390
633	158	156	73	71	0.004435
634	156	154	73	71	0.003004
635	154	152	73	71	0.001743
636	152	150	73	71	0.001055
637	76	79	73	70	0.055869
638	79	159	73	70	0.026475
639	159	156	73	70	0.011157
640	156	153	73	70	0.005599
641	153	150	73	70	0.002438
642	150	147	73	70	0.001384
643	77	160	73	69	0.058768
644	160	156	73	69	0.023393
645	156	152	73	69	0.008376
646	152	148	73	69	0.003268
647	75	76	74	73	0.123762
648	76	77	74	73	0.035824
649	77	78	74	73	0.017393
650	78	79	74	73	0.009267
651	79	80	74	73	0.008585
652	80	160	74	73	0.005690
653	160	159	74	73	0.004746
654	159	158	74	73	0.003078
655	76	78	74	72	0.076093
656	78	80	74	72	0.028297
657	80	159	74	72	0.017364
658	159	157	74	72	0.008617
659	157	155	74	72	0.004559
660	155	153	74	72	0.003032
661	153	151	74	72	0.001531
662	151	149	74	72	0.001071
663	77	80	74	71	0.069840
664	80	158	74	71	0.027309
665	158	155	74	71	0.010664
666	155	152	74	71	0.005295
667	152	149	74	71	0.002470
668	149	146	74	71	0.001263
669	78	159	74	70	0.066725
670	159	155	74	70	0.021024
671	155	151	74	70	0.007657
672	151	147	74	70	0.003054
673	76	77	75	74	0.145484
674	77	78	75	74	0.041589
675	78	79	75	74	0.018937
676	79	80	75	74	0.012664
677	80	160	75	74	0.008745
678	160	159	75	74	0.006951
679	159	158	75	74	0.004302
680	158	157	75	74	0.002634
681	77	79	75	73	0.086938
682	79	160	75	73	0.035896
683	160	158	75	73	0.019088
684	158	156	75	73	0.007881
685	156	154	75	73	0.004937
686	154	152	75	73	0.002679
687	152	150	75	73	0.001583
688	150	148	75	73	0.001017
689	78	160	75	72	0.078035
690	160	157	75	72	0.030529
691	157	154	75	72	0.010897
692	154	151	75	72	0.004789
693	151	148	75	72	0.002380
694	148	145	75	72	0.001165
695	79	158	75	71	0.079240
696	158	154	75	71	0.020263
697	154	150	75	71	0.007063
698	150	146	75	71	0.002849
699	77	78	76	75	0.145873
700	78	79	76	75	0.039037
701	79	80	76	75	0.025268
702	80	160	76	75	0.014367
703	160	159	76	75	0.010333
704	159	158	76	75	0.006030
705	158	157	76	75	0.003455
706	157	156	76	75	0.002469
707	78	80	76	74	0.094382
708	80	159	76	74	0.039740
709	159	157	76	74	0.016173
710	157	155	76	74	0.007609
711	155	153	76	74	0.004635
712	153	151	76	74	0.002237
713	151	149	76	74	0.001490
714	149	147	76	74	0.000851
715	79	159	76	73	0.096399
716	159	156	76	73	0.026932
717	156	153	76	73	0.010948
718	153	150	76	73	0.004220
719	150	147	76	73	0.002151
720	80	157	76	72	0.081829
721	157	153	76	72	0.019794
722	153	149	76	72	0.006310
723	149	145	76	72	0.002466
724	78	79	77	76	0.175127
725	79	80	77	76	0.070869
726	80	160	77	76	0.034079
727	160	159	77	76	0.020995
728	159	158	77	76	0.011270
729	158	157	77	76	0.006263
730	157	156	77	76	0.004009
731	156	155	77	76	0.003111
732	79	160	77	75	0.143990
733	160	158	77	75	0.048629
734	158	156	77	75	0.016215
735	156	154	77	75	0.008913
736	154	152	77	75	0.004488
737	152	150	77	75	0.002456
738	150	148	77	75	0.001527
739	148	146	77	75	0.000912
740	80	158	77	74	0.117106
741	158	155	77	74	0.027257
742	155	152	77	74	0.011080
743	152	149	77	74	0.004524
744	149	146	77	74	0.002127
745	160	156	77	73	0.091801
746	156	152	77	73	0.021012
747	152	148	77	73	0.006579
748	79	80	78	77	0.325429
749	80	160	78	77	0.102356
750	160	159	78	77	0.050196
751	159	158	78	77	0.023343
752	158	157	78	77	0.011845
753	157	156	78	77	0.007145
754	156	155	78	77	0.005230
755	155	154	78	77	0.003880
756	80	159	78	76	0.207583
757	159	157	78	76	0.052717
758	157	155	78	76	0.019478
759	155	153	78	76	0.010644
760	153	151	78	76	0.004651
761	151	149	78	76	0.002906
762	149	147	78	76	0.001670
763	147	145	78	76	0.000963
764	160	157	78	75	0.143795
765	157	154	78	75	0.031591
766	154	151	78	75	0.011356
767	151	148	78	75	0.004914
768	148	145	78	75	0.002191
769	159	155	78	74	0.096421
770	155	151	78	74	0.022294
771	151	147	78	74	0.006973
772	80	160	79	78	0.352336
773	160	159	79	78	0.108773
774	159	158	79	78	0.040199
775	158	157	79	78	0.018055
776	157	156	79	78	0.010359
777	156	155	79	78	0.007008
778	154	153	79	78	0.003346
779	160	158	79	77	0.222455
780	158	156	79	77	0.047431
781	156	154	79	77	0.021075
782	154	152	79	77	0.009664
783	152	150	79	77	0.004744
784	150	148	79	77	0.002829
785	148	146	79	77	0.001602
786	158	154	79	75	0.093685
787	154	150	79	75	0.021378
788	150	146	79	75	0.006880
789	160	159	80	79	0.499197
790	159	158	80	79	0.107167
791	158	157	80	79	0.039987
792	157	156	80	79	0.019465
793	156	155	80	79	0.012597
794	155	154	80	79	0.008607
795	154	153	80	79	0.005494
796	153	152	80	79	0.002933
797	159	157	80	78	0.205394
798	157	155	80	78	0.049450
799	155	153	80	78	0.022351
800	153	151	80	78	0.008661
801	151	149	80	78	0.004980
802	149	147	80	78	0.002647
803	147	145	80	78	0.001494
804	158	155	80	77	0.131728
805	155	152	80	77	0.035503
806	152	149	80	77	0.011622
807	149	146	80	77	0.004839
808	157	153	80	76	0.101906
809	153	149	80	76	0.021185
810	149	145	80	76	0.006781
811	159	158	160	80	0.515153
812	158	157	160	80	0.106769
813	157	156	160	80	0.041664
814	156	155	160	80	0.023192
815	155	154	160	80	0.014149
816	154	153	160	80	0.008467
817	153	152	160	80	0.004466
818	152	151	160	80	0.003050
819	157	154	160	78	0.141947
820	154	151	160	78	0.033475
821	151	148	160	78	0.011426
822	148	145	160	78	0.004523
823	156	152	160	77	0.110590
824	152	148	160	77	0.021663
825	158	157	159	160	0.614932
826	157	156	159	160	0.147694
827	156	155	159	160	0.065389
828	155	154	159	160	0.035183
829	154	153	159	160	0.019296
830	153	152	159	160	0.009359
831	152	151	159	160	0.005994
832	151	150	159	160	0.004104
833	157	155	159	80	0.277917
834	155	153	159	80	0.077097
835	153	151	159	80	0.022852
836	151	149	159	80	0.010834
837	149	147	159	80	0.005222
838	147	145	159	80	0.002753
839	155	151	159	78	0.130976
840	151	147	159	78	0.023687
841	157	156	158	159	0.543419
842	156	155	158	159	0.150466
843	155	154	158	159	0.066698
844	154	153	158	159	0.032784
845	153	152	158	159	0.014637
846	152	151	158	159	0.008621
847	151	150	158	159	0.005628
848	150	149	158	159	0.003758
849	156	154	158	160	0.317683
850	154	152	158	160	0.076054
851	152	150	158	160	0.024341
852	150	148	158	160	0.010959
853	148	146	158	160	0.005187
854	155	152	158	80	0.205020
855	152	149	158	80	0.037885
856	149	146	158	80	0.012026
857	156	155	157	158	0.578930
858	155	154	157	158	0.163137
859	154	153	157	158	0.066257
860	153	152	157	158	0.026296
861	152	151	157	158	0.013820
862	151	150	157	158	0.008398
863	150	149	157	158	0.005284
864	149	148	157	158	0.003158
865	155	153	157	159	0.328969
866	153	151	157	159	0.063386
867	151	149	157	159	0.023078
868	149	147	157	159	0.009328
869	147	145	157	159	0.004300
870	154	151	157	160	0.196990
871	151	148	157	160	0.037497
872	148	145	157	160	0.011169
873	153	149	157	80	0.120113
874	149	145	157	80	0.021614
875	155	154	156	157	0.639523
876	154	153	156	157	0.170425
877	153	152	156	157	0.056803
878	152	151	156	157	0.025818
879	151	150	156	157	0.014273
880	150	149	156	157	0.008341
881	149	148	156	157	0.004745
882	148	147	156	157	0.003076
883	154	152	156	158	0.319787
884	152	150	156	158	0.062303
885	150	148	156	158	0.021528
886	148	146	156	158	0.008588
887	153	150	156	159	0.174278
888	150	147	156	159	0.034529
889	152	148	156	160	0.119095
890	154	153	155	156	0.679785
891	153	152	155	156	0.158252
892	152	151	155	156	0.057594
893	151	150	155	156	0.028047
894	150	149	155	156	0.014967
895	149	148	155	156	0.007970
896	148	147	155	156	0.004892
897	147	146	155	156	0.003021
898	153	151	155	157	0.298436
899	151	149	155	157	0.065613
900	149	147	155	157	0.020683
901	147	145	155	157	0.008075
902	152	149	155	158	0.176532
903	149	146	155	158	0.032369
904	151	147	155	159	0.118692
905	153	152	154	155	0.703942
906	152	151	154	155	0.158278
907	151	150	154	155	0.061454
908	150	149	154	155	0.028404
909	149	148	154	155	0.013804
910	148	147	154	155	0.007935
911	147	146	154	155	0.004613
912	146	145	154	155	0.002715
913	152	150	154	156	0.305350
914	150	148	154	156	0.065142
915	148	146	154	156	0.020453
916	151	148	154	157	0.181941
917	148	145	154	157	0.031305
918	150	146	154	158	0.115690
919	152	151	153	154	0.697832
920	151	150	153	154	0.165689
921	150	149	153	154	0.060041
922	149	148	153	154	0.025333
923	148	147	153	154	0.013266
924	147	146	153	154	0.007201
925	146	145	153	154	0.003979
926	151	149	153	155	0.315568
927	149	147	153	155	0.060326
928	147	145	153	155	0.018503
929	150	147	153	156	0.176592
930	149	145	153	157	0.107569
931	151	150	152	153	0.718414
932	150	149	152	153	0.146484
933	149	148	152	153	0.047670
934	148	147	152	153	0.021749
935	147	146	152	153	0.010727
936	146	145	152	153	0.005468
937	150	148	152	154	0.279515
938	148	146	152	154	0.052937
939	149	146	152	155	0.152281
940	150	149	151	152	0.885446
941	149	148	151	152	0.151814
942	148	147	151	152	0.053957
943	147	146	151	152	0.023056
944	146	145	151	152	0.010564
945	149	147	151	153	0.275162
946	147	145	151	153	0.049805
947	148	145	151	154	0.149934
948	149	148	150	151	0.841307
949	148	147	150	151	0.161159
950	147	146	150	151	0.052783
951	146	145	150	151	0.020523
952	148	146	150	152	0.290957
953	148	147	149	150	1.040849
954	147	146	149	150	0.177328
955	146	145	149	150	0.049562
956	147	145	149	151	0.300233
957	147	146	148	149	1.204437
958	146	145	148	149	0.144475
959	146	145	147	148	1.193937
