989
1	147	148	146	145	1.096215
2	148	149	146	145	0.144075
3	149	150	146	145	0.048699
4	150	151	146	145	0.020602
5	151	152	146	145	0.010687
6	152	153	146	145	0.005629
7	153	154	146	145	0.004027
8	154	155	146	145	0.002709
9	148	149	147	146	1.075070
10	149	150	147	146	0.163608
11	150	151	147	146	0.050129
12	151	152	147	146	0.022230
13	152	153	147	146	0.010562
14	153	154	147	146	0.006975
15	154	155	147	146	0.004407
16	155	156	147	146	0.002945
17	149	151	147	145	0.283042
18	151	153	147	145	0.049115
19	153	155	147	145	0.018126
20	155	157	147	145	0.008049
21	157	159	147	145	0.004238
22	159	80	147	145	0.002665
23	80	78	147	145	0.001512
24	78	76	147	145	0.000977
25	149	150	148	147	1.021926
26	150	151	148	147	0.158424
27	151	152	148	147	0.053390
28	152	153	148	147	0.021894
29	153	154	148	147	0.013138
30	154	155	148	147	0.007738
31	155	156	148	147	0.004886
32	156	157	148	147	0.003076
33	150	152	148	146	0.284214
34	152	154	148	146	0.052569
35	154	156	148	146	0.019982
36	156	158	148	146	0.008550
37	158	160	148	146	0.004956
38	160	79	148	146	0.002626
39	79	77	148	146	0.001629
40	77	75	148	146	0.000918
41	151	154	148	145	0.148540
42	154	157	148	145	0.030868
43	157	160	148	145	0.010921
44	160	78	148	145	0.004596
45	78	75	148	145	0.002238
46	75	72	148	145	0.001207
47	72	69	148	145	0.000829
48	69	66	148	145	0.000661
49	150	151	149	148	0.879362
50	151	152	149	148	0.152653
51	152	153	149	148	0.047681
52	153	154	149	148	0.024738
53	154	155	149	148	0.013286
54	155	156	149	148	0.007848
55	156	157	149	148	0.004690
56	157	158	149	148	0.003122
57	151	153	149	147	0.275607
58	153	155	149	147	0.058899
59	155	157	149	147	0.020501
60	157	159	149	147	0.009131
61	159	80	149	147	0.005109
62	80	78	149	147	0.002681
63	78	76	149	147	0.001661
64	76	74	149	147	0.000941
65	152	155	149	146	0.150435
66	155	158	149	146	0.032035
67	158	80	149	146	0.011606
68	80	77	149	146	0.004855
69	77	74	149	146	0.002160
70	74	71	149	146	0.001277
71	71	68	149	146	0.001013
72	68	65	149	146	0.000629
73	153	157	149	145	0.105570
74	157	80	149	145	0.021151
75	80	76	149	145	0.006833
76	76	72	149	145	0.002630
77	72	68	149	145	0.001679
78	151	152	150	149	0.907720
79	152	153	150	149	0.148149
80	153	154	150	149	0.058136
81	154	155	150	149	0.026965
82	155	156	150	149	0.014520
83	156	157	150	149	0.008125
84	157	158	150	149	0.005121
85	158	159	150	149	0.003532
86	152	154	150	148	0.278699
87	154	156	150	148	0.062614
88	156	158	150	148	0.021055
89	158	160	150	148	0.010295
90	160	79	150	148	0.004860
91	79	77	150	148	0.002840
92	77	75	150	148	0.001532
93	75	73	150	148	0.001055
94	153	156	150	147	0.171238
95	156	159	150	147	0.033668
96	159	79	150	147	0.012222
97	79	76	150	147	0.004951
98	76	73	150	147	0.002302
99	73	70	150	147	0.001412
100	70	67	150	147	0.001156
101	154	158	150	146	0.112192
102	158	79	150	146	0.022735
103	79	75	150	146	0.006919
104	75	71	150	146	0.002864
105	71	67	150	146	0.001948
106	152	153	151	150	0.772499
107	153	154	151	150	0.166383
108	154	155	151	150	0.059667
109	155	156	151	150	0.027654
110	156	157	151	150	0.014053
111	157	158	151	150	0.008210
112	158	159	151	150	0.005304
113	159	160	151	150	0.003856
114	153	155	151	149	0.311169
115	155	157	151	149	0.064354
116	157	159	151	149	0.022168
117	159	80	151	149	0.010388
118	80	78	151	149	0.004945
119	78	76	151	149	0.002886
120	76	74	151	149	0.001556
121	74	72	151	149	0.001097
122	154	157	151	148	0.176796
123	157	160	151	148	0.035911
124	160	78	151	148	0.011407
125	78	75	151	148	0.004930
126	75	72	151	148	0.002430
127	72	69	151	148	0.001573
128	69	66	151	148	0.001188
129	155	159	151	147	0.116141
130	159	78	151	147	0.023121
131	78	74	151	147	0.007045
132	74	70	151	147	0.003117
133	70	66	151	147	0.002024
134	153	154	152	151	0.720844
135	154	155	152	151	0.157701
136	155	156	152	151	0.057780
137	156	157	152	151	0.025676
138	157	158	152	151	0.013604
139	158	159	152	151	0.008150
140	159	160	152	151	0.005624
141	160	80	152	151	0.003065
142	154	156	152	150	0.302780
143	156	158	152	150	0.061542
144	158	160	152	150	0.022930
145	160	79	152	150	0.009095
146	79	77	152	150	0.004874
147	77	75	152	150	0.002481
148	75	73	152	150	0.001628
149	73	71	152	150	0.001051
150	155	158	152	149	0.174741
151	158	80	152	149	0.036052
152	80	77	152	149	0.011596
153	77	74	152	149	0.004562
154	74	71	152	149	0.002475
155	71	68	152	149	0.001858
156	68	65	152	149	0.001096
157	156	160	152	148	0.115818
158	160	77	152	148	0.021667
159	77	73	152	148	0.006694
160	73	69	152	148	0.003221
161	69	65	152	148	0.002097
162	154	155	153	152	0.742187
163	155	156	153	152	0.167038
164	156	157	153	152	0.058724
165	157	158	153	152	0.026646
166	158	159	153	152	0.014175
167	159	160	153	152	0.008996
168	160	80	153	152	0.004543
169	80	79	153	152	0.003060
170	155	157	153	151	0.309231
171	157	159	153	151	0.062572
172	159	80	153	151	0.022230
173	80	78	153	151	0.008769
174	78	76	153	151	0.004712
175	76	74	153	151	0.002376
176	74	72	153	151	0.001604
177	72	70	153	151	0.001141
178	156	159	153	150	0.174529
179	159	79	153	150	0.035179
180	79	76	153	150	0.011015
181	76	73	153	150	0.004497
182	73	70	153	150	0.002533
183	70	67	153	150	0.001945
184	157	80	153	149	0.117347
185	80	76	153	149	0.021305
186	76	72	153	149	0.006636
187	72	68	153	149	0.003682
188	155	156	154	153	0.732763
189	156	157	154	153	0.177527
190	157	158	154	153	0.067104
191	158	159	154	153	0.031505
192	159	160	154	153	0.018391
193	160	80	154	153	0.008603
194	80	79	154	153	0.005389
195	79	78	154	153	0.003446
196	156	158	154	152	0.330037
197	158	160	154	152	0.073077
198	160	79	154	152	0.021597
199	79	77	154	152	0.009832
200	77	75	154	152	0.004588
201	75	73	154	152	0.002803
202	73	71	154	152	0.001718
203	71	69	154	152	0.001421
204	157	160	154	151	0.194197
205	160	78	154	151	0.033816
206	78	75	154	151	0.011544
207	75	72	154	151	0.004958
208	72	69	154	151	0.002928
209	69	66	154	151	0.002075
210	158	79	154	150	0.126680
211	79	75	154	150	0.021762
212	75	71	154	150	0.007203
213	71	67	154	150	0.004315
214	156	157	155	154	0.658315
215	157	158	155	154	0.163074
216	158	159	155	154	0.062897
217	159	160	155	154	0.032821
218	160	80	155	154	0.014023
219	80	79	155	154	0.008203
220	79	78	155	154	0.005027
221	78	77	155	154	0.003827
222	157	159	155	153	0.324579
223	159	80	155	153	0.073835
224	80	78	155	153	0.022060
225	78	76	155	153	0.010512
226	76	74	155	153	0.004859
227	74	72	155	153	0.003089
228	72	70	155	153	0.002097
229	70	68	155	153	0.001761
230	158	80	155	152	0.195964
231	80	77	155	152	0.035347
232	77	74	155	152	0.011196
233	74	71	155	152	0.005317
234	71	68	155	152	0.003658
235	68	65	155	152	0.002006
236	159	78	155	151	0.126894
237	78	74	155	151	0.022465
238	74	70	155	151	0.007923
239	70	66	155	151	0.004552
240	157	158	156	155	0.598739
241	158	159	156	155	0.146812
242	159	160	156	155	0.062991
243	160	80	156	155	0.023639
244	80	79	156	155	0.012428
245	79	78	156	155	0.007163
246	78	77	156	155	0.005267
247	77	76	156	155	0.003061
248	158	160	156	154	0.305522
249	160	79	156	154	0.058285
250	79	77	156	154	0.021292
251	77	75	156	154	0.008939
252	75	73	156	154	0.005055
253	73	71	156	154	0.002914
254	71	69	156	154	0.002347
255	69	67	156	154	0.001896
256	159	79	156	153	0.186475
257	79	76	156	153	0.034484
258	76	73	156	153	0.011481
259	73	70	156	153	0.005711
260	70	67	156	153	0.004024
261	160	77	156	152	0.111010
262	77	73	156	152	0.021386
263	73	69	156	152	0.008397
264	69	65	156	152	0.004753
265	158	159	157	156	0.542124
266	159	160	157	156	0.147693
267	160	80	157	156	0.043821
268	80	79	157	156	0.019773
269	79	78	157	156	0.010515
270	78	77	157	156	0.007274
271	77	76	157	156	0.004035
272	76	75	157	156	0.002555
273	159	80	157	155	0.278122
274	80	78	157	155	0.049877
275	78	76	157	155	0.019652
276	76	74	157	155	0.008034
277	74	72	157	155	0.004751
278	72	70	157	155	0.003035
279	70	68	157	155	0.002455
280	68	66	157	155	0.001520
281	160	78	157	154	0.144582
282	78	75	157	154	0.031899
283	75	72	157	154	0.011186
284	72	69	157	154	0.005897
285	69	66	157	154	0.003850
286	80	76	157	153	0.102094
287	76	72	157	153	0.020736
288	72	68	157	153	0.009338
289	159	160	158	157	0.633464
290	160	80	158	157	0.117459
291	80	79	158	157	0.041097
292	79	78	158	157	0.019387
293	78	77	158	157	0.012298
294	77	76	158	157	0.006372
295	76	75	158	157	0.003827
296	75	74	158	157	0.002744
297	160	79	158	156	0.222149
298	79	77	158	156	0.049472
299	77	75	158	156	0.016790
300	75	73	158	156	0.008318
301	73	71	158	156	0.004354
302	71	69	158	156	0.003409
303	69	67	158	156	0.002582
304	67	65	158	156	0.001315
305	80	77	158	155	0.135206
306	77	74	158	155	0.028085
307	74	71	158	155	0.010880
308	71	68	158	155	0.006764
309	68	65	158	155	0.003395
310	79	75	158	154	0.096485
311	75	71	158	154	0.020643
312	71	67	158	154	0.010230
313	160	80	159	158	0.565998
314	80	79	159	158	0.109278
315	79	78	159	158	0.041189
316	78	77	159	158	0.023217
317	77	76	159	158	0.011060
318	76	75	159	158	0.006243
319	75	74	159	158	0.004258
320	74	73	159	158	0.003250
321	80	78	159	157	0.210936
322	78	76	159	157	0.052946
323	76	74	159	157	0.017067
324	74	72	159	157	0.008939
325	72	70	159	157	0.005216
326	70	68	159	157	0.003929
327	68	66	159	157	0.002327
328	79	76	159	156	0.135334
329	76	73	159	156	0.028448
330	73	70	159	156	0.011459
331	70	67	159	156	0.007126
332	78	74	159	155	0.097698
333	74	70	159	155	0.021950
334	70	66	159	155	0.010230
335	80	79	160	159	0.476298
336	79	78	160	159	0.106787
337	78	77	160	159	0.047764
338	77	76	160	159	0.019859
339	76	75	160	159	0.010281
340	75	74	160	159	0.006543
341	74	73	160	159	0.004928
342	73	72	160	159	0.003048
343	79	77	160	158	0.218942
344	77	75	160	158	0.047435
345	75	73	160	158	0.018970
346	73	71	160	158	0.008269
347	71	69	160	158	0.006938
348	69	67	160	158	0.004502
349	67	65	160	158	0.002228
350	78	75	160	157	0.140909
351	75	72	160	157	0.030455
352	72	69	160	157	0.013035
353	69	66	160	157	0.007536
354	77	73	160	156	0.091522
355	73	69	160	156	0.022966
356	69	65	160	156	0.010622
357	79	78	80	160	0.355986
358	78	77	80	160	0.099597
359	77	76	80	160	0.034586
360	76	75	80	160	0.014947
361	75	74	80	160	0.008233
362	74	73	80	160	0.006486
363	73	72	80	160	0.003575
364	78	76	80	159	0.201798
365	76	74	80	159	0.039980
366	74	72	80	159	0.018047
367	72	70	80	159	0.009092
368	70	68	80	159	0.006331
369	68	66	80	159	0.003557
370	77	74	80	158	0.115924
371	74	71	80	158	0.021940
372	71	68	80	158	0.022229
373	68	65	80	158	0.006512
374	76	72	80	157	0.084035
375	72	68	80	157	0.024570
376	78	77	79	80	0.319080
377	77	76	79	80	0.068023
378	76	75	79	80	0.025453
379	75	74	79	80	0.007500
380	74	73	79	80	0.014154
381	73	72	79	80	0.004761
382	72	71	79	80	0.009480
383	77	75	79	160	0.142911
384	75	73	79	160	0.036364
385	73	71	79	160	0.013799
386	71	69	79	160	0.009114
387	69	67	79	160	0.005922
388	67	65	79	160	0.002757
389	76	73	79	159	0.098505
390	73	70	79	159	0.026521
391	70	67	79	159	0.013760
392	75	71	79	158	0.077328
393	71	67	79	158	0.026554
394	77	76	78	79	0.176841
395	76	75	78	79	0.043195
396	75	74	78	79	0.024564
397	74	73	78	79	0.004362
398	73	72	78	79	0.005477
399	72	71	78	79	0.004868
400	71	70	78	79	0.001697
401	70	69	78	79	0.002125
402	76	74	78	80	0.100543
403	74	72	78	80	0.028922
404	72	70	78	80	0.012612
405	70	68	78	80	0.007999
406	68	66	78	80	0.004202
407	75	72	78	160	0.079111
408	72	69	78	160	0.023261
409	69	66	78	160	0.011451
410	74	70	78	159	0.068782
411	70	66	78	159	0.022094
412	76	75	77	78	0.171129
413	75	74	77	78	0.045858
414	74	73	77	78	0.016347
415	73	72	77	78	0.008568
416	72	71	77	78	0.005959
417	71	70	77	78	0.003377
418	70	69	77	78	0.002983
419	69	68	77	78	0.002459
420	75	73	77	79	0.091136
421	73	71	77	79	0.024906
422	71	69	77	79	0.010132
423	69	67	77	79	0.007340
424	67	65	77	79	0.003178
425	74	71	77	80	0.074925
426	71	68	77	80	0.014340
427	68	65	77	80	0.008893
428	73	69	77	160	0.057952
429	69	65	77	160	0.019194
430	75	74	76	77	0.149894
431	74	73	76	77	0.034568
432	73	72	76	77	0.013328
433	72	71	76	77	0.007320
434	71	70	76	77	0.004731
435	70	69	76	77	0.002983
436	69	68	76	77	0.002605
437	68	67	76	77	0.001656
438	74	72	76	78	0.072753
439	72	70	76	78	0.021383
440	70	68	76	78	0.011025
441	68	66	76	78	0.005196
442	73	70	76	79	0.055323
443	70	67	76	79	0.019681
444	72	68	76	80	0.053015
445	74	73	75	76	0.131655
446	73	72	75	76	0.029580
447	72	71	75	76	0.012405
448	71	70	75	76	0.007009
449	70	69	75	76	0.004287
450	69	68	75	76	0.003290
451	68	67	75	76	0.001969
452	67	66	75	76	0.001099
453	73	71	75	77	0.062639
454	71	69	75	77	0.019016
455	69	67	75	77	0.009518
456	67	65	75	77	0.003704
457	72	69	75	78	0.051041
458	69	66	75	78	0.016618
459	71	67	75	79	0.045959
460	73	72	74	75	0.124677
461	72	71	74	75	0.032272
462	71	70	74	75	0.014375
463	70	69	74	75	0.007518
464	69	68	74	75	0.005171
465	68	67	74	75	0.002878
466	67	66	74	75	0.001502
467	66	65	74	75	0.001161
468	72	70	74	76	0.066053
469	70	68	74	76	0.020267
470	68	66	74	76	0.007453
471	71	68	74	77	0.051971
472	68	65	74	77	0.012881
473	70	66	74	78	0.043934
474	72	71	73	74	0.134270
475	71	70	73	74	0.034955
476	70	69	73	74	0.014329
477	69	68	73	74	0.008341
478	68	67	73	74	0.004179
479	67	66	73	74	0.002076
480	66	65	73	74	0.001528
481	71	69	73	75	0.071161
482	69	67	73	75	0.020562
483	67	65	73	75	0.006261
484	70	67	73	76	0.051946
485	69	65	73	77	0.040061
486	71	70	72	73	0.134494
487	70	69	72	73	0.032322
488	69	68	72	73	0.014467
489	68	67	72	73	0.006187
490	67	66	72	73	0.002805
491	66	65	72	73	0.001950
492	70	68	72	74	0.069463
493	68	66	72	74	0.015246
494	69	66	72	75	0.047595
495	70	69	71	72	0.136928
496	69	68	71	72	0.034495
497	68	67	71	72	0.011131
498	67	66	71	72	0.004663
499	69	67	71	73	0.066263
500	67	65	71	73	0.011874
501	68	65	71	74	0.036939
502	69	68	70	71	0.150143
503	68	67	70	71	0.029003
504	67	66	70	71	0.008923
505	66	65	70	71	0.005596
506	68	66	70	72	0.053694
507	68	67	69	70	0.106811
508	67	66	69	70	0.021597
509	66	65	69	70	0.010122
510	67	65	69	71	0.046230
511	67	66	68	69	0.155535
512	66	65	68	69	0.041150
513	66	65	67	68	0.189175
514	73	74	66	65	0.001534
515	68	69	67	66	0.155511
516	73	74	67	66	0.002062
517	69	71	67	65	0.046027
518	71	73	67	65	0.011979
519	79	160	67	65	0.002762
520	160	158	67	65	0.002227
521	158	156	67	65	0.001312
522	69	70	68	67	0.106744
523	70	71	68	67	0.028914
524	73	74	68	67	0.004192
525	75	76	68	67	0.001908
526	70	72	68	66	0.053680
527	72	74	68	66	0.015249
528	74	76	68	66	0.007441
529	78	80	68	66	0.004212
530	80	159	68	66	0.003555
531	159	157	68	66	0.002331
532	157	155	68	66	0.001518
533	71	74	68	65	0.037220
534	74	77	68	65	0.012891
535	77	80	68	65	0.008868
536	80	158	68	65	0.006509
537	158	155	68	65	0.003384
538	152	149	68	65	0.001089
539	70	71	69	68	0.149776
540	71	72	69	68	0.034549
541	72	73	69	68	0.014466
542	73	74	69	68	0.008318
543	74	75	69	68	0.005170
544	75	76	69	68	0.003302
545	77	78	69	68	0.002447
546	71	73	69	67	0.066457
547	73	75	69	67	0.020650
548	75	77	69	67	0.009431
549	77	79	69	67	0.007313
550	79	160	69	67	0.005917
551	160	158	69	67	0.004499
552	158	156	69	67	0.002579
553	156	154	69	67	0.001894
554	72	75	69	66	0.047571
555	75	78	69	66	0.016619
556	78	160	69	66	0.011461
557	160	157	69	66	0.007532
558	157	154	69	66	0.003878
559	154	151	69	66	0.002080
560	151	148	69	66	0.001189
561	73	77	69	65	0.040066
562	77	160	69	65	0.019171
563	160	156	69	65	0.010627
564	156	152	69	65	0.004732
565	152	148	69	65	0.002120
566	71	72	70	69	0.137420
567	72	73	70	69	0.032400
568	73	74	70	69	0.014376
569	74	75	70	69	0.007498
570	75	76	70	69	0.004276
571	76	77	70	69	0.003006
572	77	78	70	69	0.002963
573	72	74	70	68	0.069571
574	74	76	70	68	0.020242
575	76	78	70	68	0.011027
576	78	80	70	68	0.008006
577	80	159	70	68	0.006334
578	159	157	70	68	0.003929
579	157	155	70	68	0.002455
580	155	153	70	68	0.001760
581	73	76	70	67	0.052011
582	76	79	70	67	0.019641
583	79	159	70	67	0.013762
584	159	156	70	67	0.007136
585	156	153	70	67	0.004034
586	153	150	70	67	0.001948
587	150	147	70	67	0.001149
588	74	78	70	66	0.043921
589	78	159	70	66	0.022109
590	159	155	70	66	0.010237
591	155	151	70	66	0.004543
592	151	147	70	66	0.002043
593	72	73	71	70	0.134122
594	73	74	71	70	0.034858
595	74	75	71	70	0.014320
596	75	76	71	70	0.006987
597	76	77	71	70	0.004676
598	77	78	71	70	0.003308
599	73	75	71	69	0.071051
600	75	77	71	69	0.018923
601	79	160	71	69	0.009236
602	160	158	71	69	0.007235
603	158	156	71	69	0.003465
604	156	154	71	69	0.002368
605	74	77	71	68	0.051814
606	158	155	71	68	0.006844
607	155	152	71	68	0.003679
608	152	149	71	68	0.001863
609	149	146	71	68	0.001018
610	75	79	71	67	0.045346
611	79	158	71	67	0.026984
612	158	154	71	67	0.010328
613	154	150	71	67	0.004318
614	150	146	71	67	0.001951
615	73	74	72	71	0.134170
616	74	75	72	71	0.032232
617	75	76	72	71	0.012306
618	76	77	72	71	0.006845
619	77	78	72	71	0.006739
620	74	76	72	70	0.065785
621	76	78	72	70	0.021436
622	78	80	72	70	0.012727
623	80	159	72	70	0.009123
624	159	157	72	70	0.005232
625	157	155	72	70	0.003046
626	155	153	72	70	0.002095
627	153	151	72	70	0.001143
628	75	78	72	69	0.050932
629	78	160	72	69	0.023389
630	160	157	72	69	0.013072
631	157	154	72	69	0.005906
632	154	151	72	69	0.002939
633	151	148	72	69	0.001575
634	148	145	72	69	0.000834
635	76	80	72	68	0.053191
636	80	157	72	68	0.024637
637	157	153	72	68	0.009357
638	153	149	72	68	0.003655
639	149	145	72	68	0.001668
640	74	75	73	72	0.124815
641	75	76	73	72	0.029754
642	76	77	73	72	0.013973
643	77	78	73	72	0.007921
644	78	79	73	72	0.005407
645	79	80	73	72	0.004736
646	80	160	73	72	0.003535
647	160	159	73	72	0.003025
648	75	77	73	71	0.062780
649	77	79	73	71	0.025558
650	79	160	73	71	0.013574
651	160	158	73	71	0.007817
652	158	156	73	71	0.004258
653	156	154	73	71	0.002876
654	154	152	73	71	0.001694
655	76	79	73	70	0.055331
656	79	159	73	70	0.026513
657	159	156	73	70	0.011460
658	156	153	73	70	0.005710
659	153	150	73	70	0.002530
660	150	147	73	70	0.001409
661	77	160	73	69	0.057983
662	160	156	73	69	0.022969
663	156	152	73	69	0.008399
664	152	148	73	69	0.003254
665	75	76	74	73	0.131717
666	76	77	74	73	0.034404
667	77	78	74	73	0.017524
668	80	160	74	73	0.006227
669	160	159	74	73	0.004830
670	159	158	74	73	0.003202
671	76	78	74	72	0.073564
672	78	80	74	72	0.028660
673	80	159	74	72	0.017728
674	159	157	74	72	0.008877
675	157	155	74	72	0.004729
676	155	153	74	72	0.003076
677	153	151	74	72	0.001599
678	151	149	74	72	0.001092
679	77	80	74	71	0.076837
680	158	155	74	71	0.010733
681	155	152	74	71	0.005273
682	152	149	74	71	0.002467
683	149	146	74	71	0.001270
684	78	159	74	70	0.068286
685	159	155	74	70	0.021891
686	155	151	74	70	0.007912
687	151	147	74	70	0.003092
688	76	77	75	74	0.150612
689	77	78	75	74	0.044822
690	78	79	75	74	0.022994
691	80	160	75	74	0.008282
692	160	159	75	74	0.006563
693	159	158	75	74	0.004269
694	158	157	75	74	0.002745
695	77	79	75	73	0.091100
696	79	160	75	73	0.036360
697	160	158	75	73	0.018978
698	158	156	75	73	0.008312
699	156	154	75	73	0.005059
700	154	152	75	73	0.002805
701	152	150	75	73	0.001632
702	150	148	75	73	0.001056
703	78	160	75	72	0.078980
704	160	157	75	72	0.030429
705	157	154	75	72	0.011176
706	154	151	75	72	0.004960
707	151	148	75	72	0.002433
708	148	145	75	72	0.001211
709	79	158	75	71	0.076833
710	158	154	75	71	0.020521
711	154	150	75	71	0.007178
712	150	146	75	71	0.002853
713	77	78	76	75	0.171111
714	78	79	76	75	0.043204
715	79	80	76	75	0.025492
716	80	160	76	75	0.014901
717	160	159	76	75	0.010287
718	159	158	76	75	0.006248
719	158	157	76	75	0.003822
720	157	156	76	75	0.002555
721	78	80	76	74	0.100747
722	80	159	76	74	0.040142
723	159	157	76	74	0.017113
724	157	155	76	74	0.008045
725	155	153	76	74	0.004874
726	153	151	76	74	0.002380
727	151	149	76	74	0.001559
728	149	147	76	74	0.000945
729	79	159	76	73	0.098497
730	159	156	76	73	0.028444
731	156	153	76	73	0.011480
732	153	150	76	73	0.004487
733	150	147	76	73	0.002297
734	80	157	76	72	0.083910
735	157	153	76	72	0.020732
736	153	149	76	72	0.006632
737	149	145	76	72	0.002643
738	78	79	77	76	0.176444
739	79	80	77	76	0.068580
740	80	160	77	76	0.033763
741	160	159	77	76	0.019837
742	159	158	77	76	0.011050
743	158	157	77	76	0.006354
744	157	156	77	76	0.004037
745	156	155	77	76	0.003060
746	79	160	77	75	0.142737
747	160	158	77	75	0.047429
748	158	156	77	75	0.016767
749	156	154	77	75	0.008932
750	154	152	77	75	0.004578
751	152	150	77	75	0.002483
752	150	148	77	75	0.001533
753	148	146	77	75	0.000920
754	80	158	77	74	0.115375
755	158	155	77	74	0.028083
756	155	152	77	74	0.011199
757	152	149	77	74	0.004559
758	149	146	77	74	0.002156
759	160	156	77	73	0.091481
760	156	152	77	73	0.021368
761	152	148	77	73	0.006692
762	79	80	78	77	0.318274
763	80	160	78	77	0.100350
764	160	159	78	77	0.047772
765	159	158	78	77	0.023241
766	158	157	78	77	0.012284
767	157	156	78	77	0.007283
768	156	155	78	77	0.005270
769	155	154	78	77	0.003831
770	80	159	78	76	0.201745
771	159	157	78	76	0.052936
772	157	155	78	76	0.019652
773	155	153	78	76	0.010519
774	153	151	78	76	0.004700
775	151	149	78	76	0.002889
776	149	147	78	76	0.001664
777	147	145	78	76	0.000976
778	160	157	78	75	0.140891
779	157	154	78	75	0.031899
780	154	151	78	75	0.011546
781	151	148	78	75	0.004919
782	148	145	78	75	0.002254
783	159	155	78	74	0.097749
784	155	151	78	74	0.022471
785	151	147	78	74	0.007050
786	80	160	79	78	0.355835
787	160	159	79	78	0.106811
788	159	158	79	78	0.041228
789	158	157	79	78	0.019345
790	157	156	79	78	0.010522
791	156	155	79	78	0.007170
792	155	154	79	78	0.005032
793	154	153	79	78	0.003456
794	160	158	79	77	0.219032
795	158	156	79	77	0.049432
796	156	154	79	77	0.021302
797	154	152	79	77	0.009832
798	152	150	79	77	0.004879
799	150	148	79	77	0.002847
800	148	146	79	77	0.001626
801	159	156	79	76	0.135336
802	156	153	79	76	0.034502
803	153	150	79	76	0.011004
804	150	147	79	76	0.004954
805	158	154	79	75	0.096425
806	154	150	79	75	0.021769
807	150	146	79	75	0.006916
808	160	159	80	79	0.476198
809	159	158	80	79	0.109312
810	158	157	80	79	0.041022
811	157	156	80	79	0.019771
812	156	155	80	79	0.012419
813	155	154	80	79	0.008194
814	154	153	80	79	0.005403
815	153	152	80	79	0.003045
816	159	157	80	78	0.210910
817	157	155	80	78	0.049868
818	155	153	80	78	0.022088
819	153	151	80	78	0.008749
820	151	149	80	78	0.004942
821	149	147	80	78	0.002679
822	147	145	80	78	0.001519
823	158	155	80	77	0.135062
824	155	152	80	77	0.035338
825	152	149	80	77	0.011587
826	149	146	80	77	0.004868
827	157	153	80	76	0.102123
828	153	149	80	76	0.021274
829	149	145	80	76	0.006829
830	159	158	160	80	0.566130
831	158	157	160	80	0.117479
832	157	156	160	80	0.043834
833	156	155	160	80	0.023636
834	155	154	160	80	0.014034
835	154	153	160	80	0.008600
836	153	152	160	80	0.004552
837	152	151	160	80	0.003063
838	158	156	160	79	0.222071
839	156	154	160	79	0.058276
840	154	152	160	79	0.021597
841	152	150	160	79	0.009093
842	150	148	160	79	0.004856
843	148	146	160	79	0.002626
844	157	154	160	78	0.144592
845	154	151	160	78	0.033813
846	151	148	160	78	0.011405
847	148	145	160	78	0.004592
848	156	152	160	77	0.111009
849	152	148	160	77	0.021668
850	158	157	159	160	0.633428
851	157	156	159	160	0.147737
852	156	155	159	160	0.062994
853	155	154	159	160	0.032827
854	154	153	159	160	0.018387
855	153	152	159	160	0.009007
856	152	151	159	160	0.005628
857	151	150	159	160	0.003852
858	157	155	159	80	0.278202
859	155	153	159	80	0.073835
860	153	151	159	80	0.022244
861	151	149	159	80	0.010392
862	149	147	159	80	0.005107
863	147	145	159	80	0.002670
864	156	153	159	79	0.186456
865	153	150	159	79	0.035183
866	150	147	159	79	0.012215
867	155	151	159	78	0.126914
868	151	147	159	78	0.023116
869	157	156	158	159	0.542354
870	156	155	158	159	0.146801
871	155	154	158	159	0.062918
872	154	153	158	159	0.031506
873	153	152	158	159	0.014166
874	152	151	158	159	0.008152
875	151	150	158	159	0.005304
876	150	149	158	159	0.003529
877	156	154	158	160	0.305504
878	154	152	158	160	0.073070
879	152	150	158	160	0.022929
880	150	148	158	160	0.010287
881	148	146	158	160	0.004975
882	155	152	158	80	0.195988
883	152	149	158	80	0.036050
884	149	146	158	80	0.011602
885	154	150	158	79	0.126683
886	150	146	158	79	0.022730
887	156	155	157	158	0.599106
888	155	154	157	158	0.163204
889	154	153	157	158	0.067147
890	153	152	157	158	0.026647
891	152	151	157	158	0.013612
892	151	150	157	158	0.008220
893	150	149	157	158	0.005125
894	149	148	157	158	0.003123
895	155	153	157	159	0.324773
896	153	151	157	159	0.062568
897	151	149	157	159	0.022175
898	149	147	157	159	0.009127
899	147	145	157	159	0.004229
900	154	151	157	160	0.194240
901	151	148	157	160	0.035923
902	148	145	157	160	0.010922
903	153	149	157	80	0.117380
904	149	145	157	80	0.021151
905	155	154	156	157	0.658601
906	154	153	156	157	0.177569
907	153	152	156	157	0.058690
908	152	151	156	157	0.025672
909	151	150	156	157	0.014058
910	150	149	156	157	0.008119
911	149	148	156	157	0.004696
912	148	147	156	157	0.003072
913	154	152	156	158	0.330053
914	152	150	156	158	0.061553
915	150	148	156	158	0.021058
916	148	146	156	158	0.008541
917	153	150	156	159	0.174526
918	150	147	156	159	0.033666
919	152	148	156	160	0.115830
920	154	153	155	156	0.732846
921	153	152	155	156	0.166964
922	152	151	155	156	0.057790
923	151	150	155	156	0.027667
924	150	149	155	156	0.014523
925	149	148	155	156	0.007853
926	148	147	155	156	0.004884
927	147	146	155	156	0.002944
928	153	151	155	157	0.309107
929	151	149	155	157	0.064362
930	149	147	155	157	0.020496
931	147	145	155	157	0.008061
932	152	149	155	158	0.174766
933	149	146	155	158	0.032039
934	151	147	155	159	0.116171
935	153	152	154	155	0.741325
936	152	151	154	155	0.157660
937	151	150	154	155	0.059677
938	150	149	154	155	0.026958
939	149	148	154	155	0.013290
940	148	147	154	155	0.007731
941	147	146	154	155	0.004410
942	146	145	154	155	0.002706
943	152	150	154	156	0.302770
944	150	148	154	156	0.062614
945	148	146	154	156	0.019965
946	151	148	154	157	0.176826
947	148	145	154	157	0.030863
948	150	146	154	158	0.112173
949	152	151	153	154	0.720174
950	151	150	153	154	0.166363
951	150	149	153	154	0.058093
952	149	148	153	154	0.024734
953	148	147	153	154	0.013122
954	147	146	153	154	0.006969
955	146	145	153	154	0.004022
956	151	149	153	155	0.311076
957	149	147	153	155	0.058872
958	147	145	153	155	0.018107
959	150	147	153	156	0.171161
960	149	145	153	157	0.105517
961	151	150	152	153	0.773242
962	150	149	152	153	0.148198
963	149	148	152	153	0.047730
964	148	147	152	153	0.021889
965	147	146	152	153	0.010565
966	146	145	152	153	0.005643
967	150	148	152	154	0.278713
968	148	146	152	154	0.052547
969	149	146	152	155	0.150414
970	150	149	151	152	0.907691
971	149	148	151	152	0.152659
972	148	147	151	152	0.053350
973	147	146	151	152	0.022230
974	146	145	151	152	0.010686
975	149	147	151	153	0.275593
976	147	145	151	153	0.049102
977	148	145	151	154	0.148455
978	149	148	150	151	0.879594
979	148	147	150	151	0.158350
980	147	146	150	151	0.050123
981	146	145	150	151	0.020607
982	148	146	150	152	0.284044
983	148	147	149	150	1.020195
984	147	146	149	150	0.163448
985	146	145	149	150	0.048650
986	147	145	149	151	0.282841
987	147	146	148	149	1.074371
988	146	145	148	149	0.143980
989	146	145	147	148	1.095704
