796
1	147	148	146	145	1.163220
2	148	149	146	145	0.140558
3	149	150	146	145	0.050507
4	150	151	146	145	0.020273
5	151	152	146	145	0.010901
6	152	153	146	145	0.005519
7	153	154	146	145	0.004061
8	154	155	146	145	0.002833
9	148	149	147	146	1.107654
10	149	150	147	146	0.172720
11	150	151	147	146	0.050608
12	151	152	147	146	0.023248
13	152	153	147	146	0.010572
14	153	154	147	146	0.007217
15	154	155	147	146	0.004541
16	155	156	147	146	0.003072
17	149	151	147	145	0.294100
18	151	153	147	145	0.050240
19	153	155	147	145	0.018647
20	155	157	147	145	0.007974
21	157	159	147	145	0.004421
22	159	80	147	145	0.002678
23	80	78	147	145	0.001508
24	78	76	147	145	0.000944
25	149	150	148	147	1.013127
26	150	151	148	147	0.155676
27	151	152	148	147	0.055561
28	152	153	148	147	0.021993
29	153	154	148	147	0.013624
30	154	155	148	147	0.008239
31	155	156	148	147	0.004955
32	156	157	148	147	0.003292
33	150	152	148	146	0.285184
34	152	154	148	146	0.053415
35	154	156	148	146	0.020820
36	156	158	148	146	0.008572
37	158	160	148	146	0.005184
38	160	79	148	146	0.002619
39	79	77	148	146	0.001623
40	77	75	148	146	0.000884
41	151	154	148	145	0.152719
42	154	157	148	145	0.031843
43	157	160	148	145	0.011122
44	160	78	148	145	0.004584
45	78	75	148	145	0.002211
46	75	72	148	145	0.001125
47	72	69	148	145	0.000818
48	69	66	148	145	0.000650
49	150	151	149	148	0.770268
50	151	152	149	148	0.152369
51	152	153	149	148	0.047272
52	153	154	149	148	0.025626
53	154	155	149	148	0.014007
54	155	156	149	148	0.008035
55	156	157	149	148	0.004751
56	157	158	149	148	0.003088
57	151	153	149	147	0.277141
58	153	155	149	147	0.061480
59	155	157	149	147	0.021032
60	157	159	149	147	0.009206
61	159	80	149	147	0.005224
62	80	78	149	147	0.002621
63	78	76	149	147	0.001676
64	76	74	149	147	0.000828
65	152	155	149	146	0.153103
66	155	158	149	146	0.032480
67	158	80	149	146	0.012051
68	80	77	149	146	0.004811
69	77	74	149	146	0.002098
70	74	71	149	146	0.001168
71	71	68	149	146	0.001060
72	68	65	149	146	0.000607
73	153	157	149	145	0.109159
74	157	80	149	145	0.021544
75	80	76	149	145	0.006746
76	76	72	149	145	0.002482
77	72	68	149	145	0.001668
78	151	152	150	149	0.906672
79	152	153	150	149	0.147193
80	153	154	150	149	0.061963
81	154	155	150	149	0.029357
82	155	156	150	149	0.015466
83	156	157	150	149	0.008245
84	157	158	150	149	0.005551
85	158	159	150	149	0.003852
86	152	154	150	148	0.281897
87	154	156	150	148	0.066835
88	156	158	150	148	0.021629
89	158	160	150	148	0.011006
90	160	79	150	148	0.004926
91	79	77	150	148	0.002878
92	77	75	150	148	0.001466
93	75	73	150	148	0.001068
94	153	156	150	147	0.181222
95	156	159	150	147	0.034894
96	159	79	150	147	0.012580
97	79	76	150	147	0.004973
98	76	73	150	147	0.002185
99	73	70	150	147	0.001428
100	70	67	150	147	0.001123
101	154	158	150	146	0.117821
102	158	79	150	146	0.023741
103	79	75	150	146	0.006841
104	75	71	150	146	0.002637
105	71	67	150	146	0.002138
106	152	153	151	150	0.672987
107	153	154	151	150	0.163231
108	154	155	151	150	0.061255
109	155	156	151	150	0.027745
110	156	157	151	150	0.013976
111	157	158	151	150	0.008115
112	158	159	151	150	0.005648
113	159	160	151	150	0.003881
114	153	155	151	149	0.315790
115	155	157	151	149	0.065406
116	157	159	151	149	0.023169
117	159	80	151	149	0.010659
118	80	78	151	149	0.004935
119	78	76	151	149	0.002899
120	76	74	151	149	0.001507
121	74	72	151	149	0.001044
122	154	157	151	148	0.182810
123	157	160	151	148	0.037285
124	160	78	151	148	0.011435
125	78	75	151	148	0.004868
126	75	72	151	148	0.002351
127	72	69	151	148	0.001546
128	69	66	151	148	0.001167
129	155	159	151	147	0.118788
130	159	78	151	147	0.023428
131	78	74	151	147	0.006905
132	74	70	151	147	0.003108
133	70	66	151	147	0.001940
134	153	154	152	151	0.697182
135	154	155	152	151	0.160798
136	155	156	152	151	0.058363
137	156	157	152	151	0.025781
138	157	158	152	151	0.013881
139	158	159	152	151	0.008840
140	159	160	152	151	0.005861
141	160	80	152	151	0.003154
142	154	156	152	150	0.308130
143	156	158	152	150	0.061751
144	158	160	152	150	0.024215
145	160	79	152	150	0.009241
146	79	77	152	150	0.004783
147	77	75	152	150	0.002468
148	75	73	152	150	0.001483
149	73	71	152	150	0.001066
150	155	158	152	149	0.177128
151	158	80	152	149	0.038000
152	80	77	152	149	0.011626
153	77	74	152	149	0.004465
154	74	71	152	149	0.002275
155	71	68	152	149	0.001977
156	68	65	152	149	0.001058
157	156	160	152	148	0.118615
158	160	77	152	148	0.021833
159	77	73	152	148	0.006477
160	73	69	152	148	0.003255
161	69	65	152	148	0.002026
162	154	155	153	152	0.689234
163	155	156	153	152	0.155384
164	156	157	153	152	0.054995
165	157	158	153	152	0.025829
166	158	159	153	152	0.014587
167	159	160	153	152	0.008927
168	160	80	153	152	0.004432
169	80	79	153	152	0.002949
170	155	157	153	151	0.294530
171	157	159	153	151	0.063135
172	159	80	153	151	0.022372
173	80	78	153	151	0.008561
174	78	76	153	151	0.004629
175	76	74	153	151	0.002226
176	74	72	153	151	0.001504
177	72	70	153	151	0.001109
178	156	159	153	150	0.171627
179	159	79	153	150	0.035279
180	79	76	153	150	0.010736
181	76	73	153	150	0.004162
182	73	70	153	150	0.002501
183	70	67	153	150	0.001818
184	157	80	153	149	0.119339
185	80	76	153	149	0.021029
186	76	72	153	149	0.006278
187	72	68	153	149	0.003622
188	155	156	154	153	0.663547
189	156	157	154	153	0.166833
190	157	158	154	153	0.066077
191	158	159	154	153	0.033126
192	159	160	154	153	0.018605
193	160	80	154	153	0.008589
194	80	79	154	153	0.005371
195	79	78	154	153	0.003390
196	156	158	154	152	0.313778
197	158	160	154	152	0.075248
198	160	79	154	152	0.021353
199	79	77	154	152	0.009598
200	77	75	154	152	0.004352
201	75	73	154	152	0.002649
202	73	71	154	152	0.001446
203	71	69	154	152	0.001594
204	157	160	154	151	0.195735
205	160	78	154	151	0.033504
206	78	75	154	151	0.011254
207	75	72	154	151	0.004714
208	72	69	154	151	0.002863
209	69	66	154	151	0.002025
210	158	79	154	150	0.130022
211	79	75	154	150	0.021212
212	75	71	154	150	0.006639
213	71	67	154	150	0.004374
214	156	157	155	154	0.628091
215	157	158	155	154	0.165300
216	158	159	155	154	0.068411
217	159	160	155	154	0.034579
218	160	80	155	154	0.014600
219	80	79	155	154	0.008485
220	79	78	155	154	0.005098
221	78	77	155	154	0.003973
222	157	159	155	153	0.332827
223	159	80	155	153	0.076364
224	80	78	155	153	0.022339
225	78	76	155	153	0.010677
226	76	74	155	153	0.004733
227	74	72	155	153	0.002972
228	72	70	155	153	0.002035
229	70	68	155	153	0.001853
230	158	80	155	152	0.205809
231	80	77	155	152	0.035476
232	77	74	155	152	0.010943
233	74	71	155	152	0.004666
234	71	68	155	152	0.004107
235	68	65	155	152	0.001915
236	159	78	155	151	0.129623
237	78	74	155	151	0.022265
238	74	70	155	151	0.007628
239	70	66	155	151	0.004560
240	157	158	156	155	0.593202
241	158	159	156	155	0.155775
242	159	160	156	155	0.064875
243	160	80	156	155	0.024279
244	80	79	156	155	0.012699
245	79	78	156	155	0.007143
246	78	77	156	155	0.005369
247	77	76	156	155	0.003135
248	158	160	156	154	0.323563
249	160	79	156	154	0.060073
250	79	77	156	154	0.021581
251	77	75	156	154	0.008921
252	75	73	156	154	0.004885
253	73	71	156	154	0.002581
254	71	69	156	154	0.002755
255	69	67	156	154	0.001893
256	159	79	156	153	0.192101
257	79	76	156	153	0.034800
258	76	73	156	153	0.011014
259	73	70	156	153	0.005744
260	70	67	156	153	0.004059
261	160	77	156	152	0.112626
262	77	73	156	152	0.020810
263	73	69	156	152	0.008380
264	69	65	156	152	0.004663
265	158	159	157	156	0.544742
266	159	160	157	156	0.143747
267	160	80	157	156	0.042561
268	80	79	157	156	0.019694
269	79	78	157	156	0.010313
270	78	77	157	156	0.007371
271	77	76	157	156	0.003856
272	76	75	157	156	0.002161
273	159	80	157	155	0.275692
274	80	78	157	155	0.049875
275	78	76	157	155	0.019743
276	76	74	157	155	0.007858
277	74	72	157	155	0.004502
278	72	70	157	155	0.002790
279	68	66	157	155	0.001466
280	160	78	157	154	0.145081
281	78	75	157	154	0.031694
282	75	72	157	154	0.011186
283	72	69	157	154	0.005868
284	69	66	157	154	0.003915
285	80	76	157	153	0.102708
286	76	72	157	153	0.020069
287	72	68	157	153	0.009409
288	159	160	158	157	0.577750
289	160	80	158	157	0.108827
290	80	79	158	157	0.039718
291	79	78	158	157	0.018455
292	78	77	158	157	0.012021
293	77	76	158	157	0.006310
294	76	75	158	157	0.003670
295	75	74	158	157	0.002307
296	160	79	158	156	0.211096
297	79	77	158	156	0.048230
298	77	75	158	156	0.016118
299	75	73	158	156	0.007786
300	73	71	158	156	0.003379
301	71	69	158	156	0.004245
302	69	67	158	156	0.002505
303	67	65	158	156	0.001263
304	80	77	158	155	0.132883
305	77	74	158	155	0.027147
306	74	71	158	155	0.009367
307	71	68	158	155	0.007728
308	68	65	158	155	0.003233
309	79	75	158	154	0.094852
310	75	71	158	154	0.018631
311	71	67	158	154	0.011392
312	160	80	159	158	0.536433
313	80	79	159	158	0.108705
314	79	78	159	158	0.041746
315	78	77	159	158	0.024488
316	77	76	159	158	0.011476
317	76	75	159	158	0.006146
318	75	74	159	158	0.004489
319	74	73	159	158	0.003083
320	79	76	159	156	0.136129
321	76	73	159	156	0.027411
322	73	70	159	156	0.011585
323	70	67	159	156	0.007191
324	78	74	159	155	0.098474
325	74	70	159	155	0.021581
326	70	66	159	155	0.010251
327	80	79	160	159	0.484043
328	79	78	160	159	0.107376
329	78	77	160	159	0.050137
330	77	76	160	159	0.020429
331	76	75	160	159	0.010073
332	75	74	160	159	0.006878
333	74	73	160	159	0.004611
334	73	72	160	159	0.003216
335	79	77	160	158	0.223750
336	77	75	160	158	0.048143
337	75	73	160	158	0.019048
338	73	71	160	158	0.002919
339	71	69	160	158	0.013003
340	69	67	160	158	0.004691
341	67	65	160	158	0.002252
342	77	73	160	156	0.091086
343	73	69	160	156	0.023542
344	69	65	160	156	0.010716
345	79	78	80	160	0.360811
346	78	77	80	160	0.106451
347	77	76	80	160	0.034324
348	76	75	80	160	0.014216
349	74	73	80	160	0.005620
350	73	72	80	160	0.003884
351	78	76	80	159	0.207669
352	76	74	80	159	0.039840
353	74	72	80	159	0.017048
354	72	70	80	159	0.008959
355	70	68	80	159	0.006839
356	68	66	80	159	0.003518
357	77	74	80	158	0.115390
358	71	68	80	158	0.107258
359	68	65	80	158	0.006388
360	78	77	79	80	0.332843
361	77	76	79	80	0.070680
362	76	75	79	80	0.024605
363	74	73	79	80	0.009489
364	73	72	79	80	0.005023
365	72	71	79	80	0.074303
366	77	75	79	160	0.144583
367	75	73	79	160	0.036292
368	69	67	79	160	0.006134
369	67	65	79	160	0.002732
370	76	73	79	159	0.097048
371	73	70	79	159	0.027659
372	70	67	79	159	0.014468
373	75	71	79	158	0.067755
374	71	67	79	158	0.038647
375	77	76	78	79	0.176026
376	76	75	78	79	0.039880
377	74	73	78	79	0.008203
378	72	71	78	79	0.014488
379	76	74	78	80	0.096911
380	74	72	78	80	0.028453
381	72	70	78	80	0.013510
382	68	66	78	80	0.004222
383	75	72	78	160	0.079014
384	72	69	78	160	0.024167
385	69	66	78	160	0.011699
386	74	70	78	159	0.068405
387	70	66	78	159	0.022733
388	76	75	77	78	0.145263
389	75	74	77	78	0.042588
390	74	73	77	78	0.016978
391	73	72	77	78	0.008933
392	72	71	77	78	0.009927
393	70	69	77	78	0.002867
394	69	68	77	78	0.002587
395	74	71	77	80	0.163114
396	68	65	77	80	0.008616
397	73	69	77	160	0.060571
398	69	65	77	160	0.019258
399	75	74	76	77	0.148499
400	74	73	76	77	0.035334
401	73	72	76	77	0.014677
402	72	71	76	77	0.009111
403	71	70	76	77	0.003319
404	70	69	76	77	0.003440
405	69	68	76	77	0.002855
406	68	67	76	77	0.001662
407	74	72	76	78	0.075932
408	72	70	76	78	0.022627
409	70	68	76	78	0.011711
410	68	66	76	78	0.005252
411	72	68	76	80	0.055701
412	74	73	75	76	0.118961
413	73	72	75	76	0.030087
414	72	71	75	76	0.013642
415	70	69	75	76	0.004438
416	69	68	75	76	0.003383
417	68	67	75	76	0.001846
418	67	66	75	76	0.001079
419	73	71	75	77	0.067729
420	71	69	75	77	0.016910
421	69	67	75	77	0.009725
422	67	65	75	77	0.003946
423	72	69	75	78	0.052928
424	69	66	75	78	0.016967
425	73	72	74	75	0.121958
426	72	71	74	75	0.034461
427	71	70	74	75	0.012488
428	70	69	74	75	0.007485
429	69	68	74	75	0.005273
430	68	67	74	75	0.002728
431	67	66	74	75	0.001510
432	66	65	74	75	0.001120
433	72	70	74	76	0.066641
434	70	68	74	76	0.020459
435	68	66	74	76	0.007175
436	71	68	74	77	0.048356
437	68	65	74	77	0.012819
438	70	66	74	78	0.044565
439	72	71	73	74	0.123656
440	71	70	73	74	0.029125
441	70	69	73	74	0.013731
442	69	68	73	74	0.008187
443	68	67	73	74	0.003752
444	67	66	73	74	0.001985
445	66	65	73	74	0.001397
446	71	69	73	75	0.062776
447	69	67	73	75	0.019936
448	67	65	73	75	0.006014
449	70	67	73	76	0.050716
450	69	65	73	77	0.039616
451	71	70	72	73	0.108862
452	70	69	72	73	0.032064
453	69	68	72	73	0.014628
454	68	67	72	73	0.005734
455	67	66	72	73	0.002800
456	66	65	72	73	0.001846
457	70	68	72	74	0.068615
458	68	66	72	74	0.014271
459	69	66	72	75	0.046570
460	69	67	71	73	0.050949
461	67	65	71	73	0.021869
462	68	65	71	74	0.035537
463	67	66	68	69	0.145120
464	66	65	68	69	0.039078
465	66	65	67	68	0.171833
466	70	71	66	65	0.004915
467	68	69	67	66	0.144712
468	69	70	67	66	0.020940
469	71	72	67	66	0.010131
470	69	71	67	65	0.038151
471	71	73	67	65	0.017658
472	75	77	67	65	0.003732
473	79	160	67	65	0.002760
474	160	158	67	65	0.002271
475	158	156	67	65	0.001266
476	69	70	68	67	0.091140
477	70	71	68	67	0.031478
478	71	72	68	67	0.004494
479	72	73	68	67	0.005763
480	75	76	68	67	0.001846
481	76	77	68	67	0.001661
482	70	72	68	66	0.049075
483	72	74	68	66	0.014276
484	74	76	68	66	0.007161
485	76	78	68	66	0.005235
486	78	80	68	66	0.004147
487	80	159	68	66	0.003612
488	159	157	68	66	0.002307
489	157	155	68	66	0.001469
490	71	74	68	65	0.035317
491	74	77	68	65	0.012565
492	77	80	68	65	0.008770
493	80	158	68	65	0.006574
494	158	155	68	65	0.003232
495	155	152	68	65	0.001920
496	152	149	68	65	0.001051
497	149	146	68	65	0.000597
498	70	71	69	68	0.139471
499	71	72	69	68	0.035797
500	72	73	69	68	0.014616
501	73	74	69	68	0.008204
502	74	75	69	68	0.005125
503	75	76	69	68	0.003442
504	76	77	69	68	0.002861
505	77	78	69	68	0.002589
506	71	73	69	67	0.059293
507	73	75	69	67	0.019820
508	75	77	69	67	0.009817
509	77	79	69	67	0.007367
510	79	160	69	67	0.006234
511	160	158	69	67	0.004683
512	158	156	69	67	0.002491
513	156	154	69	67	0.001905
514	72	75	69	66	0.046447
515	75	78	69	66	0.017067
516	78	160	69	66	0.011747
517	160	157	69	66	0.007550
518	157	154	69	66	0.004003
519	154	151	69	66	0.002024
520	151	148	69	66	0.001172
521	148	145	69	66	0.000646
522	73	77	69	65	0.039357
523	77	160	69	65	0.019534
524	160	156	69	65	0.010718
525	156	152	69	65	0.004692
526	152	148	69	65	0.002046
527	75	78	72	69	0.052816
528	78	160	72	69	0.024097
529	160	157	72	69	0.013522
530	157	154	72	69	0.005764
531	154	151	72	69	0.002868
532	151	148	72	69	0.001558
533	148	145	72	69	0.000823
534	76	80	72	68	0.055734
535	80	157	72	68	0.025457
536	157	153	72	68	0.009372
537	153	149	72	68	0.003606
538	149	145	72	68	0.001567
539	74	75	73	72	0.121638
540	75	76	73	72	0.030144
541	76	77	73	72	0.014598
542	77	78	73	72	0.008995
543	78	79	73	72	0.005648
544	79	80	73	72	0.004982
545	80	160	73	72	0.003829
546	160	159	73	72	0.003205
547	77	160	73	69	0.060492
548	160	156	73	69	0.023517
549	156	152	73	69	0.008367
550	152	148	73	69	0.003274
551	75	76	74	73	0.119064
552	76	77	74	73	0.035464
553	77	78	74	73	0.017234
554	78	79	74	73	0.009293
555	79	80	74	73	0.008333
556	80	160	74	73	0.005615
557	160	159	74	73	0.004540
558	159	158	74	73	0.003070
559	76	78	74	72	0.076268
560	78	80	74	72	0.028263
561	80	159	74	72	0.017181
562	159	157	74	72	0.008671
563	157	155	74	72	0.004472
564	155	153	74	72	0.002961
565	153	151	74	72	0.001506
566	151	149	74	72	0.001036
567	76	77	75	74	0.148426
568	77	78	75	74	0.042386
569	78	79	75	74	0.018717
570	79	80	75	74	0.013344
571	80	160	75	74	0.009478
572	160	159	75	74	0.006873
573	159	158	75	74	0.004513
574	77	79	75	73	0.087262
575	79	160	75	73	0.036920
576	160	158	75	73	0.018978
577	158	156	75	73	0.007771
578	156	154	75	73	0.004908
579	154	152	75	73	0.002622
580	152	150	75	73	0.001503
581	150	148	75	73	0.001036
582	78	160	75	72	0.079159
583	160	157	75	72	0.030167
584	157	154	75	72	0.011077
585	154	151	75	72	0.004702
586	151	148	75	72	0.002343
587	148	145	75	72	0.001143
588	77	78	76	75	0.145785
589	78	79	76	75	0.040485
590	79	80	76	75	0.024410
591	80	160	76	75	0.014580
592	160	159	76	75	0.010069
593	159	158	76	75	0.006174
594	78	80	76	74	0.097040
595	80	159	76	74	0.040814
596	159	157	76	74	0.016716
597	157	155	76	74	0.007781
598	155	153	76	74	0.004729
599	153	151	76	74	0.002234
600	151	149	76	74	0.001500
601	149	147	76	74	0.000873
602	79	159	76	73	0.096969
603	159	156	76	73	0.027410
604	156	153	76	73	0.011006
605	153	150	76	73	0.004174
606	150	147	76	73	0.002206
607	80	157	76	72	0.083381
608	157	153	76	72	0.019941
609	153	149	76	72	0.006270
610	149	145	76	72	0.002460
611	78	79	77	76	0.180487
612	79	80	77	76	0.070572
613	80	160	77	76	0.034574
614	160	159	77	76	0.020381
615	159	158	77	76	0.011510
616	158	157	77	76	0.006280
617	157	156	77	76	0.003913
618	156	155	77	76	0.003127
619	79	160	77	75	0.143541
620	160	158	77	75	0.048108
621	158	156	77	75	0.016083
622	156	154	77	75	0.008889
623	154	152	77	75	0.004367
624	152	150	77	75	0.002448
625	150	148	77	75	0.001493
626	148	146	77	75	0.000891
627	80	158	77	74	0.117887
628	158	155	77	74	0.027169
629	155	152	77	74	0.010941
630	152	149	77	74	0.004467
631	149	146	77	74	0.002090
632	160	156	77	73	0.090986
633	156	152	77	73	0.020787
634	152	148	77	73	0.006478
635	79	80	78	77	0.331419
636	80	160	78	77	0.106867
637	160	159	78	77	0.049910
638	159	158	78	77	0.024493
639	158	157	78	77	0.012021
640	157	156	78	77	0.007299
641	156	155	78	77	0.005361
642	155	154	78	77	0.003967
643	80	159	78	76	0.211711
644	159	157	78	76	0.054317
645	157	155	78	76	0.019677
646	155	153	78	76	0.010673
647	153	151	78	76	0.004633
648	151	149	78	76	0.002888
649	149	147	78	76	0.001663
650	147	145	78	76	0.000966
651	160	157	78	75	0.144700
652	157	154	78	75	0.031365
653	154	151	78	75	0.011262
654	151	148	78	75	0.004853
655	148	145	78	75	0.002200
656	159	155	78	74	0.098489
657	155	151	78	74	0.022260
658	151	147	78	74	0.006931
659	159	157	80	78	0.208586
660	157	155	80	78	0.050079
661	155	153	80	78	0.022475
662	153	151	80	78	0.008562
663	151	149	80	78	0.004958
664	149	147	80	78	0.002567
665	147	145	80	78	0.001531
666	158	155	80	77	0.127953
667	155	152	80	77	0.034353
668	152	149	80	77	0.011213
669	149	146	80	77	0.004630
670	157	153	80	76	0.098852
671	153	149	80	76	0.020243
672	149	145	80	76	0.006487
673	159	158	160	80	0.533926
674	158	157	160	80	0.108135
675	157	156	160	80	0.042789
676	156	155	160	80	0.024104
677	155	154	160	80	0.014656
678	154	153	160	80	0.008579
679	153	152	160	80	0.004448
680	152	151	160	80	0.003121
681	157	154	160	78	0.145000
682	154	151	160	78	0.033492
683	151	148	160	78	0.011446
684	148	145	160	78	0.004532
685	156	152	160	77	0.112488
686	152	148	160	77	0.021789
687	158	157	159	160	0.578666
688	157	156	159	160	0.142745
689	156	155	159	160	0.064962
690	155	154	159	160	0.034555
691	154	153	159	160	0.018636
692	153	152	159	160	0.008933
693	152	151	159	160	0.005886
694	151	150	159	160	0.003901
695	157	155	159	80	0.274145
696	155	153	159	80	0.076290
697	153	151	159	80	0.022372
698	151	149	159	80	0.010641
699	149	147	159	80	0.005225
700	147	145	159	80	0.002709
701	155	151	159	78	0.129770
702	151	147	159	78	0.023368
703	157	156	158	159	0.539527
704	156	155	158	159	0.155327
705	155	154	158	159	0.068147
706	154	153	158	159	0.033099
707	153	152	158	159	0.014549
708	152	151	158	159	0.008840
709	151	150	158	159	0.005608
710	150	149	158	159	0.003859
711	156	154	158	160	0.322915
712	154	152	158	160	0.075196
713	152	150	158	160	0.024216
714	150	148	158	160	0.011002
715	148	146	158	160	0.005202
716	155	152	158	80	0.205379
717	152	149	158	80	0.037963
718	149	146	158	80	0.012044
719	155	154	156	157	0.627438
720	154	153	156	157	0.167259
721	153	152	156	157	0.055036
722	152	151	156	157	0.025934
723	151	150	156	157	0.013939
724	150	149	156	157	0.008282
725	149	148	156	157	0.004739
726	148	147	156	157	0.003366
727	154	152	156	158	0.313845
728	152	150	156	158	0.061731
729	150	148	156	158	0.021659
730	148	146	156	158	0.008567
731	153	150	156	159	0.171530
732	150	147	156	159	0.034930
733	152	148	156	160	0.118585
734	154	153	155	156	0.663895
735	153	152	155	156	0.155394
736	152	151	155	156	0.058381
737	151	150	155	156	0.027691
738	150	149	155	156	0.015478
739	149	148	155	156	0.008035
740	148	147	155	156	0.004976
741	147	146	155	156	0.003050
742	152	149	155	158	0.177103
743	149	146	155	158	0.032481
744	151	147	155	159	0.118749
745	153	152	154	155	0.690059
746	152	151	154	155	0.160969
747	151	150	154	155	0.061085
748	150	149	154	155	0.029489
749	149	148	154	155	0.014003
750	148	147	154	155	0.008197
751	147	146	154	155	0.004607
752	146	145	154	155	0.002792
753	152	150	154	156	0.308207
754	150	148	154	156	0.067018
755	148	146	154	156	0.020843
756	150	146	154	158	0.118097
757	152	151	153	154	0.697728
758	151	150	153	154	0.162855
759	150	149	153	154	0.062134
760	149	148	153	154	0.025614
761	148	147	153	154	0.013632
762	147	146	153	154	0.007209
763	146	145	153	154	0.004061
764	151	149	153	155	0.315512
765	149	147	153	155	0.061430
766	147	145	153	155	0.018665
767	150	147	153	156	0.181562
768	151	150	152	153	0.671505
769	150	149	152	153	0.147716
770	149	148	152	153	0.047250
771	148	147	152	153	0.021981
772	147	146	152	153	0.010614
773	146	145	152	153	0.005506
774	150	148	152	154	0.282672
775	148	146	152	154	0.053418
776	149	146	152	155	0.153062
777	150	149	151	152	0.909485
778	149	148	151	152	0.152114
779	148	147	151	152	0.055508
780	147	146	151	152	0.023279
781	146	145	151	152	0.010887
782	149	147	151	153	0.276794
783	147	145	151	153	0.050253
784	148	145	151	154	0.152613
785	149	148	150	151	0.773195
786	148	147	150	151	0.156241
787	147	146	150	151	0.050850
788	146	145	150	151	0.020329
789	148	146	150	152	0.285981
790	148	147	149	150	1.012311
791	147	146	149	150	0.172645
792	146	145	149	150	0.050345
793	147	145	149	151	0.294283
794	147	146	148	149	1.109577
795	146	145	148	149	0.140323
796	146	145	147	148	1.161696
