984
1	147	148	146	145	1.269265
2	148	149	146	145	0.156804
3	149	150	146	145	0.051616
4	150	151	146	145	0.021036
5	151	152	146	145	0.010539
6	152	153	146	145	0.005570
7	153	154	146	145	0.003972
8	154	155	146	145	0.002653
9	148	149	147	146	1.314876
10	149	150	147	146	0.189504
11	150	151	147	146	0.054218
12	151	152	147	146	0.022807
13	152	153	147	146	0.010773
14	153	154	147	146	0.007047
15	154	155	147	146	0.004418
16	155	156	147	146	0.002970
17	149	151	147	145	0.316362
18	151	153	147	145	0.049687
19	153	155	147	145	0.018094
20	155	157	147	145	0.008045
21	157	159	147	145	0.004255
22	159	80	147	145	0.002671
23	80	78	147	145	0.001506
24	78	76	147	145	0.000955
25	149	150	148	147	1.201582
26	150	151	148	147	0.175921
27	151	152	148	147	0.055378
28	152	153	148	147	0.022374
29	153	154	148	147	0.013221
30	154	155	148	147	0.007707
31	155	156	148	147	0.004894
32	156	157	148	147	0.003062
33	150	152	148	146	0.308350
34	152	154	148	146	0.053415
35	154	156	148	146	0.019986
36	156	158	148	146	0.008557
37	158	160	148	146	0.004974
38	160	79	148	146	0.002622
39	79	77	148	146	0.001604
40	77	75	148	146	0.000895
41	151	154	148	145	0.151673
42	154	157	148	145	0.030773
43	157	160	148	145	0.010948
44	160	78	148	145	0.004576
45	78	75	148	145	0.002189
46	75	72	148	145	0.001188
47	72	69	148	145	0.000823
48	69	66	148	145	0.000645
49	150	151	149	148	0.995485
50	151	152	149	148	0.164505
51	152	153	149	148	0.050543
52	153	154	149	148	0.025668
53	154	155	149	148	0.013584
54	155	156	149	148	0.008052
55	156	157	149	148	0.004776
56	157	158	149	148	0.003193
57	151	153	149	147	0.292799
58	153	155	149	147	0.060177
59	155	157	149	147	0.020781
60	157	159	149	147	0.009270
61	159	80	149	147	0.005142
62	80	78	149	147	0.002684
63	78	76	149	147	0.001635
64	76	74	149	147	0.000930
65	152	155	149	146	0.155335
66	155	158	149	146	0.032431
67	158	80	149	146	0.011724
68	80	77	149	146	0.004847
69	77	74	149	146	0.002125
70	74	71	149	146	0.001251
71	71	68	149	146	0.001001
72	68	65	149	146	0.000619
73	153	157	149	145	0.107093
74	157	80	149	145	0.021344
75	80	76	149	145	0.006784
76	76	72	149	145	0.002588
77	72	68	149	145	0.001656
78	151	152	150	149	1.003412
79	152	153	150	149	0.161365
80	153	154	150	149	0.061709
81	154	155	150	149	0.028096
82	155	156	150	149	0.015129
83	156	157	150	149	0.008395
84	157	158	150	149	0.005311
85	158	159	150	149	0.003661
86	152	154	150	148	0.299271
87	154	156	150	148	0.064857
88	156	158	150	148	0.021670
89	158	160	150	148	0.010589
90	160	79	150	148	0.004957
91	79	77	150	148	0.002852
92	77	75	150	148	0.001521
93	75	73	150	148	0.001045
94	153	156	150	147	0.178042
95	156	159	150	147	0.034467
96	159	79	150	147	0.012407
97	79	76	150	147	0.004929
98	76	73	150	147	0.002281
99	73	70	150	147	0.001405
100	70	67	150	147	0.001142
101	154	158	150	146	0.115058
102	158	79	150	146	0.023150
103	79	75	150	146	0.006871
104	75	71	150	146	0.002838
105	71	67	150	146	0.001932
106	152	153	151	150	0.866566
107	153	154	151	150	0.181228
108	154	155	151	150	0.063551
109	155	156	151	150	0.029358
110	156	157	151	150	0.014750
111	157	158	151	150	0.008632
112	158	159	151	150	0.005577
113	159	160	151	150	0.004004
114	153	155	151	149	0.334595
115	155	157	151	149	0.067625
116	157	159	151	149	0.023180
117	159	80	151	149	0.010722
118	80	78	151	149	0.005057
119	78	76	151	149	0.002904
120	76	74	151	149	0.001574
121	74	72	151	149	0.001091
122	154	157	151	148	0.185678
123	157	160	151	148	0.037305
124	160	78	151	148	0.011662
125	78	75	151	148	0.004939
126	75	72	151	148	0.002438
127	72	69	151	148	0.001577
128	69	66	151	148	0.001180
129	155	159	151	147	0.120842
130	159	78	151	147	0.023610
131	78	74	151	147	0.007044
132	74	70	151	147	0.003094
133	70	66	151	147	0.002041
134	153	154	152	151	0.780502
135	154	155	152	151	0.166469
136	155	156	152	151	0.060612
137	156	157	152	151	0.026554
138	157	158	152	151	0.014085
139	158	159	152	151	0.008419
140	159	160	152	151	0.005755
141	160	80	152	151	0.003123
142	154	156	152	150	0.319955
143	156	158	152	150	0.064018
144	158	160	152	150	0.023751
145	160	79	152	150	0.009316
146	79	77	152	150	0.004909
147	77	75	152	150	0.002458
148	75	73	152	150	0.001626
149	73	71	152	150	0.001047
150	155	158	152	149	0.182813
151	158	80	152	149	0.037246
152	80	77	152	149	0.011753
153	77	74	152	149	0.004547
154	74	71	152	149	0.002455
155	71	68	152	149	0.001853
156	68	65	152	149	0.001086
157	156	160	152	148	0.120020
158	160	77	152	148	0.022033
159	77	73	152	148	0.006647
160	73	69	152	148	0.003260
161	69	65	152	148	0.002076
162	154	155	153	152	0.806034
163	155	156	153	152	0.179919
164	156	157	153	152	0.062119
165	157	158	153	152	0.028137
166	158	159	153	152	0.014914
167	159	160	153	152	0.009356
168	160	80	153	152	0.004694
169	80	79	153	152	0.003136
170	155	157	153	151	0.329210
171	157	159	153	151	0.065554
172	159	80	153	151	0.022927
173	80	78	153	151	0.008883
174	78	76	153	151	0.004688
175	76	74	153	151	0.002379
176	74	72	153	151	0.001581
177	72	70	153	151	0.001132
178	156	159	153	150	0.183169
179	159	79	153	150	0.036266
180	79	76	153	150	0.011052
181	76	73	153	150	0.004483
182	73	70	153	150	0.002541
183	70	67	153	150	0.001937
184	157	80	153	149	0.122379
185	80	76	153	149	0.021537
186	76	72	153	149	0.006616
187	72	68	153	149	0.003634
188	155	156	154	153	0.802945
189	156	157	154	153	0.190430
190	157	158	154	153	0.071706
191	158	159	154	153	0.033487
192	159	160	154	153	0.019268
193	160	80	154	153	0.008944
194	80	79	154	153	0.005603
195	79	78	154	153	0.003523
196	156	158	154	152	0.352404
197	158	160	154	152	0.077028
198	160	79	154	152	0.022379
199	79	77	154	152	0.009979
200	77	75	154	152	0.004575
201	75	73	154	152	0.002817
202	73	71	154	152	0.001719
203	71	69	154	152	0.001419
204	157	160	154	151	0.205131
205	160	78	154	151	0.034774
206	78	75	154	151	0.011575
207	75	72	154	151	0.004952
208	72	69	154	151	0.002927
209	69	66	154	151	0.002059
210	158	79	154	150	0.132465
211	79	75	154	150	0.021926
212	75	71	154	150	0.007203
213	71	67	154	150	0.004215
214	156	157	155	154	0.709337
215	157	158	155	154	0.174186
216	158	159	155	154	0.066754
217	159	160	155	154	0.034328
218	160	80	155	154	0.014563
219	80	79	155	154	0.008468
220	79	78	155	154	0.005106
221	78	77	155	154	0.003878
222	157	159	155	153	0.346124
223	159	80	155	153	0.077100
224	80	78	155	153	0.022700
225	78	76	155	153	0.010596
226	76	74	155	153	0.004918
227	74	72	155	153	0.003060
228	72	70	155	153	0.002095
229	70	68	155	153	0.001751
230	158	80	155	152	0.206311
231	80	77	155	152	0.036165
232	77	74	155	152	0.011230
233	74	71	155	152	0.005282
234	71	68	155	152	0.003649
235	68	65	155	152	0.001990
236	159	78	155	151	0.131616
237	78	74	155	151	0.022580
238	74	70	155	151	0.007862
239	70	66	155	151	0.004488
240	157	158	156	155	0.646887
241	158	159	156	155	0.157271
242	159	160	156	155	0.066382
243	160	80	156	155	0.024716
244	80	79	156	155	0.012900
245	79	78	156	155	0.007317
246	78	77	156	155	0.005361
247	77	76	156	155	0.003068
248	158	160	156	154	0.324728
249	160	79	156	154	0.060642
250	79	77	156	154	0.021666
251	77	75	156	154	0.008946
252	75	73	156	154	0.005080
253	73	71	156	154	0.002927
254	71	69	156	154	0.002345
255	69	67	156	154	0.001888
256	159	79	156	153	0.195160
257	79	76	156	153	0.034983
258	76	73	156	153	0.011546
259	73	70	156	153	0.005725
260	70	67	156	153	0.004013
261	160	77	156	152	0.114661
262	77	73	156	152	0.021423
263	73	69	156	152	0.008411
264	69	65	156	152	0.004718
265	158	159	157	156	0.587306
266	159	160	157	156	0.156497
267	160	80	157	156	0.045946
268	80	79	157	156	0.020487
269	79	78	157	156	0.010711
270	78	77	157	156	0.007386
271	77	76	157	156	0.004026
272	76	75	157	156	0.002560
273	159	80	157	155	0.293538
274	80	78	157	155	0.051415
275	78	76	157	155	0.019839
276	76	74	157	155	0.008141
277	74	72	157	155	0.004705
278	72	70	157	155	0.003045
279	70	68	157	155	0.002451
280	68	66	157	155	0.001517
281	160	78	157	154	0.150209
282	78	75	157	154	0.032154
283	75	72	157	154	0.011224
284	72	69	157	154	0.005904
285	69	66	157	154	0.003871
286	80	76	157	153	0.104552
287	76	72	157	153	0.020820
288	72	68	157	153	0.009341
289	159	160	158	157	0.694192
290	160	80	158	157	0.127081
291	80	79	158	157	0.043556
292	79	78	158	157	0.020149
293	78	77	158	157	0.012710
294	77	76	158	157	0.006462
295	76	75	158	157	0.003904
296	75	74	158	157	0.002858
297	160	79	158	156	0.237070
298	79	77	158	156	0.050957
299	77	75	158	156	0.016955
300	75	73	158	156	0.008418
301	73	71	158	156	0.004400
302	71	69	158	156	0.003420
303	69	67	158	156	0.002576
304	67	65	158	156	0.001319
305	80	77	158	155	0.140599
306	77	74	158	155	0.028456
307	74	71	158	155	0.010869
308	71	68	158	155	0.006765
309	68	65	158	155	0.003382
310	79	75	158	154	0.098530
311	75	71	158	154	0.020822
312	71	67	158	154	0.010227
313	160	80	159	158	0.636477
314	80	79	159	158	0.118094
315	79	78	159	158	0.043498
316	78	77	159	158	0.024338
317	77	76	159	158	0.011358
318	76	75	159	158	0.006438
319	75	74	159	158	0.004496
320	74	73	159	158	0.003225
321	80	78	159	157	0.225336
322	78	76	159	157	0.054871
323	76	74	159	157	0.017702
324	74	72	159	157	0.008969
325	72	70	159	157	0.005315
326	70	68	159	157	0.003991
327	68	66	159	157	0.002338
328	79	76	159	156	0.140636
329	76	73	159	156	0.029053
330	73	70	159	156	0.011629
331	70	67	159	156	0.007199
332	78	74	159	155	0.100545
333	74	70	159	155	0.022040
334	70	66	159	155	0.010290
335	80	79	160	159	0.531558
336	79	78	160	159	0.115687
337	78	77	160	159	0.050984
338	77	76	160	159	0.020633
339	76	75	160	159	0.010716
340	75	74	160	159	0.007014
341	74	73	160	159	0.004873
342	73	72	160	159	0.003142
343	79	77	160	158	0.234478
344	77	75	160	158	0.049137
345	75	73	160	158	0.019615
346	73	71	160	158	0.008483
347	71	69	160	158	0.007125
348	69	67	160	158	0.004560
349	67	65	160	158	0.002266
350	78	75	160	157	0.147536
351	75	72	160	157	0.031352
352	72	69	160	157	0.013327
353	69	66	160	157	0.007597
354	77	73	160	156	0.094129
355	73	69	160	156	0.023431
356	69	65	160	156	0.010725
357	79	78	80	160	0.391216
358	78	77	80	160	0.108713
359	77	76	80	160	0.036027
360	76	75	80	160	0.015759
361	75	74	80	160	0.009134
362	74	73	80	160	0.006287
363	73	72	80	160	0.003724
364	78	76	80	159	0.216333
365	76	74	80	159	0.042590
366	74	72	80	159	0.018032
367	72	70	80	159	0.009370
368	70	68	80	159	0.006493
369	68	66	80	159	0.003612
370	77	74	80	158	0.121465
371	71	68	80	158	0.031172
372	68	65	80	158	0.006650
373	76	72	80	157	0.087299
374	72	68	80	157	0.025164
375	78	77	79	80	0.351440
376	77	76	79	80	0.073003
377	76	75	79	80	0.027068
378	75	74	79	80	0.011233
379	74	73	79	80	0.011631
380	73	72	79	80	0.004976
381	72	71	79	80	0.017076
382	77	75	79	160	0.151741
383	75	73	79	160	0.038271
384	73	71	79	160	0.013804
385	71	69	79	160	0.010020
386	69	67	79	160	0.006056
387	67	65	79	160	0.002834
388	76	73	79	159	0.103695
389	73	70	79	159	0.027496
390	70	67	79	159	0.014120
391	75	71	79	158	0.079220
392	71	67	79	158	0.028719
393	77	76	78	79	0.189216
394	76	75	78	79	0.045521
395	75	74	78	79	0.022724
396	74	73	78	79	0.007417
397	73	72	78	79	0.005650
398	72	71	78	79	0.006054
399	70	69	78	79	0.002178
400	76	74	78	80	0.106643
401	74	72	78	80	0.029576
402	72	70	78	80	0.013036
403	70	68	78	80	0.008212
404	68	66	78	80	0.004274
405	75	72	78	160	0.082754
406	72	69	78	160	0.024052
407	69	66	78	160	0.011659
408	74	70	78	159	0.070067
409	70	66	78	159	0.022594
410	76	75	77	78	0.184701
411	75	74	77	78	0.047483
412	74	73	77	78	0.017845
413	73	72	77	78	0.008989
414	72	71	77	78	0.006401
415	71	70	77	78	0.003264
416	70	69	77	78	0.002938
417	69	68	77	78	0.002488
418	75	73	77	79	0.095458
419	73	71	77	79	0.027316
420	71	69	77	79	0.008841
421	69	67	77	79	0.007417
422	67	65	77	79	0.003147
423	74	71	77	80	0.088018
424	71	68	77	80	0.004770
425	68	65	77	80	0.008969
426	73	69	77	160	0.059991
427	69	65	77	160	0.019449
428	75	74	76	77	0.159821
429	74	73	76	77	0.036118
430	73	72	76	77	0.013680
431	72	71	76	77	0.007602
432	71	70	76	77	0.004505
433	70	69	76	77	0.003132
434	69	68	76	77	0.002607
435	68	67	76	77	0.001643
436	74	72	76	78	0.076610
437	72	70	76	78	0.021767
438	70	68	76	78	0.011159
439	68	66	76	78	0.005159
440	73	70	76	79	0.056835
441	70	67	76	79	0.019912
442	72	68	76	80	0.054173
443	74	73	75	76	0.140700
444	73	72	75	76	0.030690
445	72	71	75	76	0.012981
446	71	70	75	76	0.007056
447	70	69	75	76	0.004382
448	69	68	75	76	0.003315
449	68	67	75	76	0.001971
450	67	66	75	76	0.001108
451	73	71	75	77	0.064952
452	71	69	75	77	0.019066
453	69	67	75	77	0.009536
454	67	65	75	77	0.003810
455	72	69	75	78	0.052238
456	69	66	75	78	0.016685
457	71	67	75	79	0.044476
458	73	72	74	75	0.133983
459	72	71	74	75	0.034056
460	71	70	74	75	0.014846
461	70	69	74	75	0.007760
462	69	68	74	75	0.005252
463	68	67	74	75	0.002926
464	67	66	74	75	0.001514
465	66	65	74	75	0.001188
466	72	70	74	76	0.068885
467	70	68	74	76	0.020697
468	68	66	74	76	0.007506
469	71	68	74	77	0.052875
470	68	65	74	77	0.013029
471	70	66	74	78	0.044527
472	72	71	73	74	0.142694
473	71	70	73	74	0.036423
474	70	69	73	74	0.014760
475	69	68	73	74	0.008442
476	68	67	73	74	0.004193
477	67	66	73	74	0.002078
478	66	65	73	74	0.001560
479	71	69	73	75	0.073752
480	69	67	73	75	0.020774
481	67	65	73	75	0.006320
482	70	67	73	76	0.052933
483	69	65	73	77	0.040449
484	71	70	72	73	0.144192
485	70	69	72	73	0.033705
486	69	68	72	73	0.014729
487	68	67	72	73	0.006239
488	67	66	72	73	0.002812
489	66	65	72	73	0.001990
490	70	68	72	74	0.071632
491	68	66	72	74	0.015320
492	69	66	72	75	0.048143
493	70	69	71	72	0.146373
494	69	68	71	72	0.035396
495	68	67	71	72	0.011027
496	67	66	71	72	0.004831
497	66	65	71	72	0.002743
498	69	67	71	73	0.067350
499	67	65	71	73	0.012360
500	68	65	71	74	0.037407
501	69	68	70	71	0.158922
502	68	67	70	71	0.030002
503	67	66	70	71	0.008884
504	66	65	70	71	0.005509
505	68	66	70	72	0.054689
506	68	67	69	70	0.113020
507	67	66	69	70	0.022216
508	66	65	69	70	0.010518
509	67	65	69	71	0.047128
510	67	66	68	69	0.164938
511	66	65	68	69	0.043437
512	66	65	67	68	0.204777
513	68	69	67	66	0.164776
514	72	73	67	66	0.002793
515	69	71	67	65	0.047283
516	73	75	67	65	0.006151
517	160	158	67	65	0.002273
518	158	156	67	65	0.001313
519	69	70	68	67	0.112982
520	70	71	68	67	0.029810
521	72	73	68	67	0.006244
522	76	77	68	67	0.001604
523	70	72	68	66	0.054642
524	72	74	68	66	0.015319
525	76	78	68	66	0.005198
526	80	159	68	66	0.003609
527	159	157	68	66	0.002345
528	157	155	68	66	0.001507
529	71	74	68	65	0.037360
530	74	77	68	65	0.012967
531	77	80	68	65	0.009022
532	80	158	68	65	0.006621
533	158	155	68	65	0.003380
534	155	152	68	65	0.001994
535	152	149	68	65	0.001088
536	149	146	68	65	0.000618
537	70	71	69	68	0.158078
538	71	72	69	68	0.035713
539	72	73	69	68	0.014743
540	73	74	69	68	0.008412
541	76	77	69	68	0.002605
542	77	78	69	68	0.002475
543	71	73	69	67	0.067907
544	73	75	69	67	0.020942
545	75	77	69	67	0.009395
546	77	79	69	67	0.007381
547	79	160	69	67	0.006056
548	160	158	69	67	0.004559
549	158	156	69	67	0.002568
550	156	154	69	67	0.001884
551	72	75	69	66	0.048143
552	75	78	69	66	0.016674
553	78	160	69	66	0.011679
554	160	157	69	66	0.007604
555	157	154	69	66	0.003849
556	154	151	69	66	0.002060
557	151	148	69	66	0.001186
558	148	145	69	66	0.000649
559	73	77	69	65	0.040390
560	77	160	69	65	0.019512
561	160	156	69	65	0.010719
562	156	152	69	65	0.004725
563	152	148	69	65	0.002090
564	71	72	70	69	0.143337
565	72	73	70	69	0.033606
566	73	74	70	69	0.014762
567	74	75	70	69	0.007714
568	75	76	70	69	0.004365
569	76	77	70	69	0.003134
570	77	78	70	69	0.002945
571	72	74	70	68	0.071529
572	74	76	70	68	0.020660
573	76	78	70	68	0.011158
574	78	80	70	68	0.008205
575	80	159	70	68	0.006491
576	159	157	70	68	0.003989
577	157	155	70	68	0.002448
578	155	153	70	68	0.001757
579	73	76	70	67	0.052978
580	76	79	70	67	0.019839
581	79	159	70	67	0.014102
582	159	156	70	67	0.007189
583	156	153	70	67	0.004024
584	153	150	70	67	0.001923
585	150	147	70	67	0.001146
586	74	78	70	66	0.044506
587	78	159	70	66	0.022586
588	159	155	70	66	0.010293
589	155	151	70	66	0.004580
590	151	147	70	66	0.002030
591	72	73	71	70	0.143777
592	73	74	71	70	0.036296
593	74	75	71	70	0.014738
594	75	76	71	70	0.007005
595	73	75	71	69	0.073476
596	75	77	71	69	0.018838
597	79	160	71	69	0.010635
598	158	156	71	69	0.003791
599	156	154	71	69	0.002505
600	154	152	71	69	0.001497
601	74	77	71	68	0.052384
602	158	155	71	68	0.007280
603	155	152	71	68	0.003801
604	152	149	71	68	0.001907
605	149	146	71	68	0.001026
606	75	79	71	67	0.042381
607	79	158	71	67	0.030733
608	158	154	71	67	0.010811
609	154	150	71	67	0.004429
610	150	146	71	67	0.001966
611	73	74	72	71	0.143014
612	74	75	72	71	0.034125
613	75	76	72	71	0.013087
614	76	77	72	71	0.007810
615	77	78	72	71	0.007148
616	74	76	72	70	0.068790
617	76	78	72	70	0.021796
618	78	80	72	70	0.013038
619	80	159	72	70	0.009379
620	159	157	72	70	0.005318
621	157	155	72	70	0.003045
622	155	153	72	70	0.002097
623	153	151	72	70	0.001131
624	75	78	72	69	0.052247
625	78	160	72	69	0.024036
626	160	157	72	69	0.013330
627	157	154	72	69	0.005910
628	154	151	72	69	0.002922
629	151	148	72	69	0.001572
630	148	145	72	69	0.000821
631	76	80	72	68	0.054202
632	80	157	72	68	0.025177
633	157	153	72	68	0.009347
634	153	149	72	68	0.003666
635	149	145	72	68	0.001635
636	74	75	73	72	0.134032
637	75	76	73	72	0.030792
638	76	77	73	72	0.013831
639	77	78	73	72	0.008851
640	78	79	73	72	0.005648
641	79	80	73	72	0.004979
642	80	160	73	72	0.003704
643	160	159	73	72	0.003138
644	75	77	73	71	0.065439
645	77	79	73	71	0.029418
646	79	160	73	71	0.012961
647	158	156	73	71	0.003965
648	156	154	73	71	0.002738
649	154	152	73	71	0.001631
650	152	150	73	71	0.001004
651	76	79	73	70	0.056862
652	79	159	73	70	0.027498
653	159	156	73	70	0.011630
654	156	153	73	70	0.005726
655	153	150	73	70	0.002525
656	150	147	73	70	0.001401
657	77	160	73	69	0.059893
658	160	156	73	69	0.023429
659	156	152	73	69	0.008419
660	152	148	73	69	0.003260
661	75	76	74	73	0.140351
662	76	77	74	73	0.035622
663	77	78	74	73	0.017867
664	80	160	74	73	0.006516
665	160	159	74	73	0.004978
666	159	158	74	73	0.003283
667	76	78	74	72	0.075976
668	78	80	74	72	0.029884
669	80	159	74	72	0.018435
670	159	157	74	72	0.009073
671	157	155	74	72	0.004737
672	155	153	74	72	0.003080
673	153	151	74	72	0.001583
674	151	149	74	72	0.001099
675	158	155	74	71	0.010423
676	155	152	74	71	0.005154
677	152	149	74	71	0.002414
678	149	146	74	71	0.001229
679	78	159	74	70	0.071049
680	159	155	74	70	0.022225
681	155	151	74	70	0.007907
682	151	147	74	70	0.003117
683	76	77	75	74	0.161442
684	77	78	75	74	0.047446
685	78	79	75	74	0.025022
686	80	160	75	74	0.008602
687	160	159	75	74	0.006778
688	159	158	75	74	0.004395
689	158	157	75	74	0.002791
690	77	79	75	73	0.095513
691	79	160	75	73	0.038272
692	160	158	75	73	0.019615
693	158	156	75	73	0.008411
694	156	154	75	73	0.005081
695	154	152	75	73	0.002819
696	152	150	75	73	0.001616
697	150	148	75	73	0.001046
698	78	160	75	72	0.082751
699	160	157	75	72	0.031350
700	157	154	75	72	0.011222
701	154	151	75	72	0.004955
702	151	148	75	72	0.002433
703	148	145	75	72	0.001191
704	79	158	75	71	0.077107
705	158	154	75	71	0.020214
706	154	150	75	71	0.007080
707	150	146	75	71	0.002836
708	77	78	76	75	0.184583
709	78	79	76	75	0.045530
710	79	80	76	75	0.027076
711	80	160	76	75	0.015735
712	160	159	76	75	0.010706
713	159	158	76	75	0.006452
714	158	157	76	75	0.003899
715	157	156	76	75	0.002560
716	78	80	76	74	0.106172
717	80	159	76	74	0.041891
718	159	157	76	74	0.017552
719	157	155	76	74	0.008081
720	155	153	76	74	0.004885
721	153	151	76	74	0.002364
722	151	149	76	74	0.001566
723	149	147	76	74	0.000927
724	79	159	76	73	0.103670
725	159	156	76	73	0.029059
726	156	153	76	73	0.011541
727	153	150	76	73	0.004482
728	150	147	76	73	0.002269
729	80	157	76	72	0.087248
730	157	153	76	72	0.020819
731	153	149	76	72	0.006618
732	149	145	76	72	0.002575
733	78	79	77	76	0.188793
734	79	80	77	76	0.073161
735	80	160	77	76	0.035557
736	160	159	77	76	0.020603
737	159	158	77	76	0.011354
738	158	157	77	76	0.006445
739	157	156	77	76	0.004025
740	156	155	77	76	0.003065
741	79	160	77	75	0.151522
742	160	158	77	75	0.049115
743	158	156	77	75	0.016930
744	156	154	77	75	0.008930
745	154	152	77	75	0.004574
746	152	150	77	75	0.002458
747	150	148	77	75	0.001523
748	148	146	77	75	0.000896
749	80	158	77	74	0.120306
750	158	155	77	74	0.028330
751	155	152	77	74	0.011191
752	152	149	77	74	0.004537
753	149	146	77	74	0.002112
754	160	156	77	73	0.094074
755	156	152	77	73	0.021415
756	152	148	77	73	0.006645
757	79	80	78	77	0.350819
758	80	160	78	77	0.109077
759	160	159	78	77	0.050950
760	159	158	78	77	0.024366
761	158	157	78	77	0.012697
762	157	156	78	77	0.007386
763	156	155	78	77	0.005362
764	155	154	78	77	0.003880
765	80	159	78	76	0.216198
766	159	157	78	76	0.054864
767	157	155	78	76	0.019839
768	155	153	78	76	0.010595
769	153	151	78	76	0.004689
770	151	149	78	76	0.002901
771	149	147	78	76	0.001634
772	147	145	78	76	0.000958
773	160	157	78	75	0.147462
774	157	154	78	75	0.032152
775	154	151	78	75	0.011577
776	151	148	78	75	0.004937
777	148	145	78	75	0.002189
778	159	155	78	74	0.100346
779	155	151	78	74	0.022542
780	151	147	78	74	0.007027
781	80	160	79	78	0.390568
782	160	159	79	78	0.115583
783	159	158	79	78	0.043555
784	158	157	79	78	0.020109
785	157	156	79	78	0.010710
786	156	155	79	78	0.007321
787	155	154	79	78	0.005110
788	154	153	79	78	0.003528
789	160	158	79	77	0.234441
790	158	156	79	77	0.050897
791	156	154	79	77	0.021667
792	154	152	79	77	0.009984
793	152	150	79	77	0.004906
794	150	148	79	77	0.002850
795	148	146	79	77	0.001599
796	159	156	79	76	0.140640
797	156	153	79	76	0.034978
798	153	150	79	76	0.011040
799	150	147	79	76	0.004957
800	158	154	79	75	0.098439
801	154	150	79	75	0.021921
802	150	146	79	75	0.006862
803	160	159	80	79	0.531171
804	159	158	80	79	0.118223
805	158	157	80	79	0.043502
806	157	156	80	79	0.020490
807	156	155	80	79	0.012902
808	155	154	80	79	0.008473
809	154	153	80	79	0.005598
810	153	152	80	79	0.003131
811	159	157	80	78	0.225375
812	157	155	80	78	0.051411
813	155	153	80	78	0.022698
814	153	151	80	78	0.008879
815	151	149	80	78	0.005058
816	149	147	80	78	0.002680
817	147	145	80	78	0.001499
818	158	155	80	77	0.140473
819	155	152	80	77	0.036174
820	152	149	80	77	0.011762
821	149	146	80	77	0.004833
822	157	153	80	76	0.104546
823	153	149	80	76	0.021532
824	149	145	80	76	0.006773
825	159	158	160	80	0.636856
826	158	157	160	80	0.127136
827	157	156	160	80	0.045962
828	156	155	160	80	0.024713
829	155	154	160	80	0.014567
830	154	153	160	80	0.008945
831	153	152	160	80	0.004705
832	152	151	160	80	0.003122
833	158	156	160	79	0.237063
834	156	154	160	79	0.060649
835	154	152	160	79	0.022374
836	152	150	160	79	0.009317
837	150	148	160	79	0.004957
838	148	146	160	79	0.002617
839	157	154	160	78	0.150214
840	154	151	160	78	0.034784
841	151	148	160	78	0.011665
842	148	145	160	78	0.004606
843	156	152	160	77	0.114683
844	152	148	160	77	0.022038
845	158	157	159	160	0.694831
846	157	156	159	160	0.156641
847	156	155	159	160	0.066424
848	155	154	159	160	0.034341
849	154	153	159	160	0.019282
850	153	152	159	160	0.009362
851	152	151	159	160	0.005757
852	151	150	159	160	0.004006
853	157	155	159	80	0.293731
854	155	153	159	80	0.077141
855	153	151	159	80	0.022939
856	151	149	159	80	0.010726
857	149	147	159	80	0.005138
858	147	145	159	80	0.002681
859	156	153	159	79	0.195239
860	153	150	159	79	0.036278
861	150	147	159	79	0.012401
862	155	151	159	78	0.131662
863	151	147	159	78	0.023600
864	157	156	158	159	0.587812
865	156	155	158	159	0.157335
866	155	154	158	159	0.066736
867	154	153	158	159	0.033499
868	153	152	158	159	0.014911
869	152	151	158	159	0.008411
870	151	150	158	159	0.005576
871	150	149	158	159	0.003655
872	156	154	158	160	0.324818
873	154	152	158	160	0.077038
874	152	150	158	160	0.023754
875	150	148	158	160	0.010580
876	148	146	158	160	0.004987
877	155	152	158	80	0.206348
878	152	149	158	80	0.037255
879	149	146	158	80	0.011725
880	154	150	158	79	0.132493
881	150	146	158	79	0.023148
882	156	155	157	158	0.647824
883	155	154	157	158	0.174299
884	154	153	157	158	0.071776
885	153	152	157	158	0.028154
886	152	151	157	158	0.014093
887	151	150	157	158	0.008639
888	150	149	157	158	0.005310
889	149	148	157	158	0.003197
890	155	153	157	159	0.346305
891	153	151	157	159	0.065553
892	151	149	157	159	0.023188
893	149	147	157	159	0.009275
894	147	145	157	159	0.004261
895	154	151	157	160	0.205226
896	151	148	157	160	0.037312
897	148	145	157	160	0.010954
898	153	149	157	80	0.122410
899	149	145	157	80	0.021346
900	155	154	156	157	0.709393
901	154	153	156	157	0.190495
902	153	152	156	157	0.062094
903	152	151	156	157	0.026545
904	151	150	156	157	0.014738
905	150	149	156	157	0.008393
906	149	148	156	157	0.004773
907	148	147	156	157	0.003054
908	154	152	156	158	0.352515
909	152	150	156	158	0.064024
910	150	148	156	158	0.021669
911	148	146	156	158	0.008556
912	153	150	156	159	0.183151
913	150	147	156	159	0.034462
914	152	148	156	160	0.120023
915	154	153	155	156	0.803447
916	153	152	155	156	0.179874
917	152	151	155	156	0.060602
918	151	150	155	156	0.029344
919	150	149	155	156	0.015129
920	149	148	155	156	0.008048
921	148	147	155	156	0.004889
922	147	146	155	156	0.002975
923	153	151	155	157	0.329121
924	151	149	155	157	0.067604
925	149	147	155	157	0.020765
926	147	145	155	157	0.008052
927	152	149	155	158	0.182809
928	149	146	155	158	0.032427
929	151	147	155	159	0.120829
930	153	152	154	155	0.805236
931	152	151	154	155	0.166335
932	151	150	154	155	0.063504
933	150	149	154	155	0.028077
934	149	148	154	155	0.013575
935	148	147	154	155	0.007701
936	147	146	154	155	0.004420
937	146	145	154	155	0.002654
938	152	150	154	156	0.319777
939	150	148	154	156	0.064829
940	148	146	154	156	0.019983
941	151	148	154	157	0.185559
942	148	145	154	157	0.030767
943	150	146	154	158	0.115035
944	152	151	153	154	0.779655
945	151	150	153	154	0.181059
946	150	149	153	154	0.061671
947	149	148	153	154	0.025655
948	148	147	153	154	0.013207
949	147	146	153	154	0.007056
950	146	145	153	154	0.003970
951	151	149	153	155	0.334291
952	149	147	153	155	0.060128
953	147	145	153	155	0.018096
954	150	147	153	156	0.177924
955	149	145	153	157	0.107040
956	151	150	152	153	0.865699
957	150	149	152	153	0.161277
958	149	148	152	153	0.050511
959	148	147	152	153	0.022362
960	147	146	152	153	0.010785
961	146	145	152	153	0.005570
962	150	148	152	154	0.299084
963	148	146	152	154	0.053404
964	149	146	152	155	0.155263
965	150	149	151	152	1.002315
966	149	148	151	152	0.164355
967	148	147	151	152	0.055342
968	147	146	151	152	0.022841
969	146	145	151	152	0.010537
970	149	147	151	153	0.292566
971	147	145	151	153	0.049709
972	148	145	151	154	0.151638
973	149	148	150	151	0.993953
974	148	147	150	151	0.175792
975	147	146	150	151	0.054256
976	146	145	150	151	0.021010
977	148	146	150	152	0.308207
978	148	147	149	150	1.200527
979	147	146	149	150	0.189605
980	146	145	149	150	0.051554
981	147	145	149	151	0.316434
982	147	146	148	149	1.315202
983	146	145	148	149	0.156493
984	146	145	147	148	1.266146
