994
1	147	148	146	145	1.147105
2	148	149	146	145	0.144941
3	149	150	146	145	0.049654
4	150	151	146	145	0.020747
5	151	152	146	145	0.010568
6	152	153	146	145	0.005531
7	153	154	146	145	0.003960
8	154	155	146	145	0.002662
9	148	149	147	146	1.171175
10	149	150	147	146	0.174367
11	150	151	147	146	0.052170
12	151	152	147	146	0.022508
13	152	153	147	146	0.010572
14	153	154	147	146	0.006968
15	154	155	147	146	0.004398
16	155	156	147	146	0.002951
17	149	151	147	145	0.296923
18	151	153	147	145	0.049172
19	153	155	147	145	0.017985
20	155	157	147	145	0.008017
21	157	159	147	145	0.004243
22	159	80	147	145	0.002646
23	80	78	147	145	0.001493
24	78	76	147	145	0.000959
25	149	150	148	147	1.100784
26	150	151	148	147	0.166813
27	151	152	148	147	0.053992
28	152	153	148	147	0.021769
29	153	154	148	147	0.012974
30	154	155	148	147	0.007627
31	155	156	148	147	0.004836
32	156	157	148	147	0.003035
33	150	152	148	146	0.295515
34	152	154	148	146	0.052288
35	154	156	148	146	0.019810
36	156	158	148	146	0.008494
37	158	160	148	146	0.004940
38	160	79	148	146	0.002591
39	79	77	148	146	0.001602
40	77	75	148	146	0.000897
41	151	154	148	145	0.148832
42	154	157	148	145	0.030576
43	157	160	148	145	0.010863
44	160	78	148	145	0.004530
45	78	75	148	145	0.002206
46	75	72	148	145	0.001189
47	72	69	148	145	0.000822
48	69	66	148	145	0.000656
49	150	151	149	148	0.945942
50	151	152	149	148	0.159481
51	152	153	149	148	0.048992
52	153	154	149	148	0.025183
53	154	155	149	148	0.013458
54	155	156	149	148	0.007966
55	156	157	149	148	0.004756
56	157	158	149	148	0.003162
57	151	153	149	147	0.284221
58	153	155	149	147	0.059231
59	155	157	149	147	0.020595
60	157	159	149	147	0.009196
61	159	80	149	147	0.005082
62	80	78	149	147	0.002658
63	78	76	149	147	0.001644
64	76	74	149	147	0.000935
65	152	155	149	146	0.151939
66	155	158	149	146	0.032173
67	158	80	149	146	0.011626
68	80	77	149	146	0.004814
69	77	74	149	146	0.002131
70	74	71	149	146	0.001267
71	71	68	149	146	0.001008
72	68	65	149	146	0.000624
73	153	157	149	145	0.105829
74	157	80	149	145	0.021172
75	80	76	149	145	0.006753
76	76	72	149	145	0.002614
77	72	68	149	145	0.001658
78	151	152	150	149	0.951174
79	152	153	150	149	0.152429
80	153	154	150	149	0.059403
81	154	155	150	149	0.027379
82	155	156	150	149	0.014771
83	156	157	150	149	0.008254
84	157	158	150	149	0.005203
85	158	159	150	149	0.003602
86	152	154	150	148	0.285986
87	154	156	150	148	0.063569
88	156	158	150	148	0.021370
89	158	160	150	148	0.010441
90	160	79	150	148	0.004880
91	79	77	150	148	0.002836
92	77	75	150	148	0.001529
93	75	73	150	148	0.001047
94	153	156	150	147	0.173563
95	156	159	150	147	0.034034
96	159	79	150	147	0.012209
97	79	76	150	147	0.004908
98	76	73	150	147	0.002288
99	73	70	150	147	0.001405
100	70	67	150	147	0.001153
101	154	158	150	146	0.113234
102	158	79	150	146	0.022848
103	79	75	150	146	0.006860
104	75	71	150	146	0.002845
105	71	67	150	146	0.001957
106	152	153	151	150	0.809096
107	153	154	151	150	0.172253
108	154	155	151	150	0.061332
109	155	156	151	150	0.028446
110	156	157	151	150	0.014416
111	157	158	151	150	0.008425
112	158	159	151	150	0.005467
113	159	160	151	150	0.003915
114	153	155	151	149	0.320380
115	155	157	151	149	0.065890
116	157	159	151	149	0.022702
117	159	80	151	149	0.010494
118	80	78	151	149	0.004968
119	78	76	151	149	0.002890
120	76	74	151	149	0.001564
121	74	72	151	149	0.001098
122	154	157	151	148	0.180764
123	157	160	151	148	0.036614
124	160	78	151	148	0.011468
125	78	75	151	148	0.004944
126	75	72	151	148	0.002435
127	72	69	151	148	0.001578
128	69	66	151	148	0.001197
129	155	159	151	147	0.118364
130	159	78	151	147	0.023196
131	78	74	151	147	0.007030
132	74	70	151	147	0.003110
133	70	66	151	147	0.002048
134	153	154	152	151	0.748700
135	154	155	152	151	0.161665
136	155	156	152	151	0.059180
137	156	157	152	151	0.026200
138	157	158	152	151	0.013882
139	158	159	152	151	0.008349
140	159	160	152	151	0.005668
141	160	80	152	151	0.003078
142	154	156	152	150	0.310597
143	156	158	152	150	0.062914
144	158	160	152	150	0.023392
145	160	79	152	150	0.009172
146	79	77	152	150	0.004884
147	77	75	152	150	0.002474
148	75	73	152	150	0.001628
149	73	71	152	150	0.001053
150	155	158	152	149	0.178767
151	158	80	152	149	0.036655
152	80	77	152	149	0.011633
153	77	74	152	149	0.004553
154	74	71	152	149	0.002487
155	71	68	152	149	0.001854
156	68	65	152	149	0.001106
157	156	160	152	148	0.118106
158	160	77	152	148	0.021763
159	77	73	152	148	0.006681
160	73	69	152	148	0.003281
161	69	65	152	148	0.002093
162	154	155	153	152	0.771277
163	155	156	153	152	0.172152
164	156	157	153	152	0.060142
165	157	158	153	152	0.027260
166	158	159	153	152	0.014535
167	159	160	153	152	0.009059
168	160	80	153	152	0.004561
169	80	79	153	152	0.003074
170	155	157	153	151	0.317661
171	157	159	153	151	0.064013
172	159	80	153	151	0.022367
173	80	78	153	151	0.008777
174	78	76	153	151	0.004688
175	76	74	153	151	0.002373
176	74	72	153	151	0.001591
177	72	70	153	151	0.001138
178	156	159	153	150	0.178649
179	159	79	153	150	0.035434
180	79	76	153	150	0.010997
181	76	73	153	150	0.004488
182	73	70	153	150	0.002528
183	70	67	153	150	0.001939
184	157	80	153	149	0.119567
185	80	76	153	149	0.021331
186	76	72	153	149	0.006634
187	72	68	153	149	0.003675
188	155	156	154	153	0.764078
189	156	157	154	153	0.183110
190	157	158	154	153	0.069105
191	158	159	154	153	0.032499
192	159	160	154	153	0.018619
193	160	80	154	153	0.008675
194	80	79	154	153	0.005412
195	79	78	154	153	0.003438
196	156	158	154	152	0.339638
197	158	160	154	152	0.074729
198	160	79	154	152	0.021716
199	79	77	154	152	0.009822
200	77	75	154	152	0.004559
201	75	73	154	152	0.002790
202	73	71	154	152	0.001720
203	71	69	154	152	0.001406
204	157	160	154	151	0.198969
205	160	78	154	151	0.033938
206	78	75	154	151	0.011520
207	75	72	154	151	0.004934
208	72	69	154	151	0.002926
209	69	66	154	151	0.002076
210	158	79	154	150	0.128988
211	79	75	154	150	0.021730
212	75	71	154	150	0.007194
213	71	67	154	150	0.004269
214	156	157	155	154	0.683924
215	157	158	155	154	0.168493
216	158	159	155	154	0.065024
217	159	160	155	154	0.033251
218	160	80	155	154	0.014134
219	80	79	155	154	0.008250
220	79	78	155	154	0.005022
221	78	77	155	154	0.003843
222	157	159	155	153	0.335117
223	159	80	155	153	0.074680
224	80	78	155	153	0.022116
225	78	76	155	153	0.010492
226	76	74	155	153	0.004856
227	74	72	155	153	0.003072
228	72	70	155	153	0.002087
229	70	68	155	153	0.001755
230	158	80	155	152	0.200359
231	80	77	155	152	0.035424
232	77	74	155	152	0.011135
233	74	71	155	152	0.005307
234	71	68	155	152	0.003627
235	68	65	155	152	0.002008
236	159	78	155	151	0.127930
237	78	74	155	151	0.022414
238	74	70	155	151	0.007886
239	70	66	155	151	0.004527
240	157	158	156	155	0.629875
241	158	159	156	155	0.153477
242	159	160	156	155	0.064332
243	160	80	156	155	0.023974
244	80	79	156	155	0.012576
245	79	78	156	155	0.007196
246	78	77	156	155	0.005309
247	77	76	156	155	0.003051
248	158	160	156	154	0.316068
249	160	79	156	154	0.058926
250	79	77	156	154	0.021367
251	77	75	156	154	0.008915
252	75	73	156	154	0.005048
253	73	71	156	154	0.002929
254	71	69	156	154	0.002327
255	69	67	156	154	0.001889
256	159	79	156	153	0.189215
257	79	76	156	153	0.034504
258	76	73	156	153	0.011479
259	73	70	156	153	0.005701
260	70	67	156	153	0.004030
261	160	77	156	152	0.111837
262	77	73	156	152	0.021308
263	73	69	156	152	0.008384
264	69	65	156	152	0.004733
265	158	159	157	156	0.575003
266	159	160	157	156	0.151805
267	160	80	157	156	0.044590
268	80	79	157	156	0.020035
269	79	78	157	156	0.010574
270	78	77	157	156	0.007343
271	77	76	157	156	0.004025
272	76	75	157	156	0.002567
273	159	80	157	155	0.284681
274	80	78	157	155	0.050369
275	78	76	157	155	0.019727
276	76	74	157	155	0.008065
277	74	72	157	155	0.004739
278	72	70	157	155	0.003044
279	70	68	157	155	0.002450
280	68	66	157	155	0.001527
281	160	78	157	154	0.146332
282	78	75	157	154	0.032000
283	75	72	157	154	0.011170
284	72	69	157	154	0.005904
285	69	66	157	154	0.003857
286	80	76	157	153	0.102701
287	76	72	157	153	0.020738
288	72	68	157	153	0.009324
289	159	160	158	157	0.663388
290	160	80	158	157	0.120824
291	80	79	158	157	0.041995
292	79	78	158	157	0.019639
293	78	77	158	157	0.012504
294	77	76	158	157	0.006392
295	76	75	158	157	0.003873
296	75	74	158	157	0.002761
297	160	79	158	156	0.227434
298	79	77	158	156	0.050061
299	77	75	158	156	0.016852
300	75	73	158	156	0.008342
301	73	71	158	156	0.004403
302	71	69	158	156	0.003378
303	69	67	158	156	0.002576
304	67	65	158	156	0.001327
305	80	77	158	155	0.137178
306	77	74	158	155	0.028165
307	74	71	158	155	0.010945
308	71	68	158	155	0.006711
309	68	65	158	155	0.003422
310	79	75	158	154	0.097202
311	75	71	158	154	0.020727
312	71	67	158	154	0.010169
313	160	80	159	158	0.602490
314	80	79	159	158	0.113382
315	79	78	159	158	0.042367
316	78	77	159	158	0.023950
317	77	76	159	158	0.011245
318	76	75	159	158	0.006406
319	75	74	159	158	0.004345
320	74	73	159	158	0.003301
321	80	78	159	157	0.217396
322	78	76	159	157	0.054093
323	76	74	159	157	0.017391
324	74	72	159	157	0.009042
325	72	70	159	157	0.005280
326	70	68	159	157	0.003967
327	68	66	159	157	0.002353
328	79	76	159	156	0.138040
329	76	73	159	156	0.028840
330	73	70	159	156	0.011562
331	70	67	159	156	0.007183
332	78	74	159	155	0.099268
333	74	70	159	155	0.022109
334	70	66	159	155	0.010285
335	80	79	160	159	0.505694
336	79	78	160	159	0.110798
337	78	77	160	159	0.049351
338	77	76	160	159	0.020139
339	76	75	160	159	0.010513
340	75	74	160	159	0.006633
341	74	73	160	159	0.004992
342	73	72	160	159	0.003079
343	79	77	160	158	0.226448
344	77	75	160	158	0.048292
345	75	73	160	158	0.019271
346	73	71	160	158	0.008628
347	71	69	160	158	0.006789
348	69	67	160	158	0.004531
349	67	65	160	158	0.002262
350	78	75	160	157	0.144360
351	75	72	160	157	0.030850
352	72	69	160	157	0.013197
353	69	66	160	157	0.007560
354	77	73	160	156	0.092764
355	73	69	160	156	0.023201
356	69	65	160	156	0.010693
357	79	78	80	160	0.376293
358	78	77	80	160	0.105035
359	77	76	80	160	0.034920
360	76	75	80	160	0.015381
361	75	74	80	160	0.008195
362	74	73	80	160	0.006818
363	73	72	80	160	0.003640
364	78	76	80	159	0.209434
365	76	74	80	159	0.040666
366	74	72	80	159	0.018570
367	72	70	80	159	0.009212
368	70	68	80	159	0.006393
369	68	66	80	159	0.003588
370	77	74	80	158	0.117618
371	74	71	80	158	0.024478
372	71	68	80	158	0.020575
373	68	65	80	158	0.006610
374	76	72	80	157	0.085668
375	72	68	80	157	0.024854
376	78	77	79	80	0.336496
377	77	76	79	80	0.070344
378	76	75	79	80	0.026212
379	75	74	79	80	0.006727
380	74	73	79	80	0.015323
381	73	72	79	80	0.004825
382	72	71	79	80	0.008254
383	77	75	79	160	0.146707
384	75	73	79	160	0.037054
385	73	71	79	160	0.014112
386	71	69	79	160	0.009163
387	69	67	79	160	0.005957
388	67	65	79	160	0.002810
389	76	73	79	159	0.100775
390	73	70	79	159	0.026889
391	70	67	79	159	0.013901
392	75	71	79	158	0.078943
393	71	67	79	158	0.026565
394	77	76	78	79	0.182093
395	76	75	78	79	0.044334
396	75	74	78	79	0.026237
397	74	73	78	79	0.003041
398	73	72	78	79	0.005512
399	72	71	78	79	0.004666
400	71	70	78	79	0.001950
401	70	69	78	79	0.002143
402	76	74	78	80	0.103019
403	74	72	78	80	0.029184
404	72	70	78	80	0.012749
405	70	68	78	80	0.008056
406	68	66	78	80	0.004231
407	75	72	78	160	0.080306
408	72	69	78	160	0.023574
409	69	66	78	160	0.011498
410	74	70	78	159	0.069888
411	70	66	78	159	0.022269
412	76	75	77	78	0.179559
413	75	74	77	78	0.047404
414	74	73	77	78	0.016244
415	73	72	77	78	0.008677
416	72	71	77	78	0.005999
417	71	70	77	78	0.003605
418	70	69	77	78	0.002946
419	69	68	77	78	0.002459
420	75	73	77	79	0.092920
421	73	71	77	79	0.024891
422	71	69	77	79	0.010600
423	69	67	77	79	0.007346
424	67	65	77	79	0.003170
425	74	71	77	80	0.073526
426	71	68	77	80	0.016451
427	68	65	77	80	0.008972
428	73	69	77	160	0.058770
429	69	65	77	160	0.019311
430	75	74	76	77	0.153329
431	74	73	76	77	0.034848
432	73	72	76	77	0.013491
433	72	71	76	77	0.007318
434	71	70	76	77	0.004715
435	70	69	76	77	0.003090
436	69	68	76	77	0.002594
437	68	67	76	77	0.001654
438	74	72	76	78	0.073181
439	72	70	76	78	0.021645
440	70	68	76	78	0.011087
441	68	66	76	78	0.005218
442	73	70	76	79	0.055946
443	70	67	76	79	0.019766
444	72	68	76	80	0.053554
445	74	73	75	76	0.135730
446	73	72	75	76	0.030236
447	72	71	75	76	0.012538
448	71	70	75	76	0.007168
449	70	69	75	76	0.004374
450	69	68	75	76	0.003307
451	68	67	75	76	0.001983
452	67	66	75	76	0.001123
453	73	71	75	77	0.063588
454	71	69	75	77	0.019348
455	69	67	75	77	0.009528
456	67	65	75	77	0.003789
457	72	69	75	78	0.051748
458	69	66	75	78	0.016674
459	71	67	75	79	0.046774
460	73	72	74	75	0.128920
461	72	71	74	75	0.032951
462	71	70	74	75	0.014696
463	70	69	74	75	0.007663
464	69	68	74	75	0.005191
465	68	67	74	75	0.002915
466	67	66	74	75	0.001507
467	66	65	74	75	0.001187
468	72	70	74	76	0.067340
469	70	68	74	76	0.020534
470	68	66	74	76	0.007522
471	71	68	74	77	0.052802
472	68	65	74	77	0.013022
473	70	66	74	78	0.044357
474	72	71	73	74	0.137783
475	71	70	73	74	0.035667
476	70	69	73	74	0.014587
477	69	68	73	74	0.008312
478	68	67	73	74	0.004193
479	67	66	73	74	0.002081
480	66	65	73	74	0.001556
481	71	69	73	75	0.072602
482	69	67	73	75	0.020621
483	67	65	73	75	0.006330
484	70	67	73	76	0.052514
485	69	65	73	77	0.040262
486	71	70	72	73	0.138934
487	70	69	72	73	0.033086
488	69	68	72	73	0.014482
489	68	67	72	73	0.006221
490	67	66	72	73	0.002813
491	66	65	72	73	0.001985
492	70	68	72	74	0.070476
493	68	66	72	74	0.015307
494	69	66	72	75	0.047715
495	70	69	71	72	0.146064
496	69	68	71	72	0.034479
497	68	67	71	72	0.010952
498	67	66	71	72	0.004823
499	66	65	71	72	0.001750
500	69	67	71	73	0.066098
501	67	65	71	73	0.011318
502	68	65	71	74	0.036286
503	69	68	70	71	0.152701
504	68	67	70	71	0.029585
505	67	66	70	71	0.008816
506	66	65	70	71	0.006505
507	68	66	70	72	0.054122
508	68	67	69	70	0.109937
509	67	66	69	70	0.021933
510	66	65	69	70	0.010415
511	67	65	69	71	0.047623
512	67	66	68	69	0.160880
513	66	65	68	69	0.042401
514	66	65	67	68	0.199556
515	68	69	67	66	0.160869
516	69	71	67	65	0.047647
517	77	79	67	65	0.003220
518	160	158	67	65	0.002269
519	158	156	67	65	0.001329
520	69	70	68	67	0.109985
521	70	71	68	67	0.029350
522	73	74	68	67	0.004217
523	76	77	68	67	0.001601
524	70	72	68	66	0.054074
525	72	74	68	66	0.015318
526	76	78	68	66	0.005205
527	78	80	68	66	0.004228
528	80	159	68	66	0.003588
529	159	157	68	66	0.002344
530	157	155	68	66	0.001525
531	71	74	68	65	0.036584
532	74	77	68	65	0.013002
533	77	80	68	65	0.008963
534	80	158	68	65	0.006598
535	158	155	68	65	0.003397
536	155	152	68	65	0.002006
537	152	149	68	65	0.001104
538	149	146	68	65	0.000620
539	70	71	69	68	0.152086
540	71	72	69	68	0.034653
541	72	73	69	68	0.014479
542	73	74	69	68	0.008250
543	74	75	69	68	0.005229
544	76	77	69	68	0.002596
545	77	78	69	68	0.002428
546	71	73	69	67	0.066548
547	73	75	69	67	0.020781
548	75	77	69	67	0.009387
549	77	79	69	67	0.007310
550	79	160	69	67	0.005970
551	160	158	69	67	0.004522
552	158	156	69	67	0.002571
553	156	154	69	67	0.001884
554	72	75	69	66	0.047688
555	75	78	69	66	0.016673
556	78	160	69	66	0.011550
557	160	157	69	66	0.007569
558	157	154	69	66	0.003872
559	154	151	69	66	0.002069
560	151	148	69	66	0.001198
561	148	145	69	66	0.000656
562	73	77	69	65	0.040254
563	77	160	69	65	0.019314
564	160	156	69	65	0.010701
565	156	152	69	65	0.004741
566	152	148	69	65	0.002090
567	71	72	70	69	0.144778
568	72	73	70	69	0.033135
569	73	74	70	69	0.014676
570	74	75	70	69	0.007602
571	75	76	70	69	0.004347
572	76	77	70	69	0.003090
573	77	78	70	69	0.002978
574	78	79	70	69	0.002121
575	72	74	70	68	0.070612
576	74	76	70	68	0.020535
577	76	78	70	68	0.011096
578	78	80	70	68	0.008066
579	80	159	70	68	0.006393
580	159	157	70	68	0.003973
581	157	155	70	68	0.002452
582	155	153	70	68	0.001752
583	73	76	70	67	0.052643
584	76	79	70	67	0.019701
585	79	159	70	67	0.013894
586	159	156	70	67	0.007174
587	156	153	70	67	0.004020
588	153	150	70	67	0.001942
589	150	147	70	67	0.001144
590	74	78	70	66	0.044381
591	78	159	70	66	0.022281
592	159	155	70	66	0.010294
593	155	151	70	66	0.004531
594	151	147	70	66	0.002036
595	72	73	71	70	0.138160
596	73	74	71	70	0.035462
597	74	75	71	70	0.014579
598	75	76	71	70	0.007097
599	76	77	71	70	0.004608
600	77	78	71	70	0.003377
601	73	75	71	69	0.072392
602	75	77	71	69	0.019142
603	79	160	71	69	0.009515
604	160	158	71	69	0.007524
605	158	156	71	69	0.003516
606	156	154	71	69	0.002391
607	74	77	71	68	0.052497
608	158	155	71	68	0.006892
609	155	152	71	68	0.003680
610	152	149	71	68	0.001876
611	149	146	71	68	0.001019
612	75	79	71	67	0.045204
613	79	158	71	67	0.027722
614	158	154	71	67	0.010388
615	154	150	71	67	0.004313
616	150	146	71	67	0.001938
617	73	74	72	71	0.137865
618	74	75	72	71	0.032989
619	75	76	72	71	0.012581
620	76	77	72	71	0.006926
621	77	78	72	71	0.006888
622	74	76	72	70	0.067184
623	76	78	72	70	0.021609
624	78	80	72	70	0.012837
625	80	159	72	70	0.009241
626	159	157	72	70	0.005287
627	157	155	72	70	0.003048
628	155	153	72	70	0.002091
629	153	151	72	70	0.001141
630	75	78	72	69	0.051688
631	78	160	72	69	0.023635
632	160	157	72	69	0.013219
633	157	154	72	69	0.005904
634	154	151	72	69	0.002933
635	151	148	72	69	0.001586
636	148	145	72	69	0.000820
637	76	80	72	68	0.053615
638	80	157	72	68	0.024900
639	157	153	72	68	0.009334
640	153	149	72	68	0.003683
641	149	145	72	68	0.001672
642	74	75	73	72	0.129048
643	75	76	73	72	0.030306
644	76	77	73	72	0.013935
645	77	78	73	72	0.008303
646	78	79	73	72	0.005464
647	79	80	73	72	0.004796
648	80	160	73	72	0.003612
649	160	159	73	72	0.003060
650	75	77	73	71	0.063643
651	77	79	73	71	0.026286
652	79	160	73	71	0.013688
653	160	158	73	71	0.007805
654	158	156	73	71	0.004253
655	156	154	73	71	0.002868
656	154	152	73	71	0.001693
657	152	150	73	71	0.001039
658	76	79	73	70	0.055942
659	79	159	73	70	0.026886
660	159	156	73	70	0.011567
661	156	153	73	70	0.005702
662	153	150	73	70	0.002531
663	150	147	73	70	0.001404
664	77	160	73	69	0.059021
665	160	156	73	69	0.023199
666	156	152	73	69	0.008392
667	152	148	73	69	0.003264
668	75	76	74	73	0.136122
669	76	77	74	73	0.035288
670	77	78	74	73	0.017048
671	79	80	74	73	0.012037
672	80	160	74	73	0.006540
673	160	159	74	73	0.004904
674	159	158	74	73	0.003263
675	76	78	74	72	0.074478
676	78	80	74	72	0.028745
677	80	159	74	72	0.018157
678	159	157	74	72	0.008973
679	157	155	74	72	0.004714
680	155	153	74	72	0.003059
681	153	151	74	72	0.001587
682	151	149	74	72	0.001092
683	77	80	74	71	0.078343
684	158	155	74	71	0.010711
685	155	152	74	71	0.005230
686	152	149	74	71	0.002459
687	149	146	74	71	0.001256
688	78	159	74	70	0.068946
689	159	155	74	70	0.022023
690	155	151	74	70	0.007870
691	151	147	74	70	0.003112
692	76	77	75	74	0.153672
693	77	78	75	74	0.046246
694	78	79	75	74	0.023088
695	79	80	75	74	0.009719
696	80	160	75	74	0.008423
697	160	159	75	74	0.006697
698	159	158	75	74	0.004383
699	158	157	75	74	0.002773
700	77	79	75	73	0.092609
701	79	160	75	73	0.037049
702	160	158	75	73	0.019277
703	158	156	75	73	0.008341
704	156	154	75	73	0.005044
705	154	152	75	73	0.002790
706	152	150	75	73	0.001627
707	150	148	75	73	0.001053
708	78	160	75	72	0.080204
709	160	157	75	72	0.030829
710	157	154	75	72	0.011164
711	154	151	75	72	0.004932
712	151	148	75	72	0.002434
713	148	145	75	72	0.001189
714	79	158	75	71	0.077840
715	158	154	75	71	0.020494
716	154	150	75	71	0.007152
717	150	146	75	71	0.002837
718	77	78	76	75	0.179244
719	78	79	76	75	0.044315
720	79	80	76	75	0.026213
721	80	160	76	75	0.015349
722	160	159	76	75	0.010503
723	159	158	76	75	0.006414
724	158	157	76	75	0.003870
725	157	156	76	75	0.002566
726	78	80	76	74	0.103357
727	80	159	76	74	0.041006
728	159	157	76	74	0.017449
729	157	155	76	74	0.008084
730	155	153	76	74	0.004869
731	153	151	76	74	0.002381
732	151	149	76	74	0.001565
733	149	147	76	74	0.000936
734	79	159	76	73	0.100736
735	159	156	76	73	0.028836
736	156	153	76	73	0.011475
737	153	150	76	73	0.004488
738	150	147	76	73	0.002291
739	80	157	76	72	0.085581
740	157	153	76	72	0.020733
741	153	149	76	72	0.006623
742	149	145	76	72	0.002611
743	78	79	77	76	0.181551
744	79	80	77	76	0.070559
745	80	160	77	76	0.034351
746	160	159	77	76	0.020110
747	159	158	77	76	0.011244
748	158	157	77	76	0.006374
749	157	156	77	76	0.004017
750	156	155	77	76	0.003048
751	79	160	77	75	0.146468
752	160	158	77	75	0.048273
753	158	156	77	75	0.016820
754	156	154	77	75	0.008905
755	154	152	77	75	0.004556
756	152	150	77	75	0.002478
757	150	148	77	75	0.001522
758	148	146	77	75	0.000904
759	80	158	77	74	0.117538
760	158	155	77	74	0.028177
761	155	152	77	74	0.011141
762	152	149	77	74	0.004563
763	149	146	77	74	0.002141
764	160	156	77	73	0.092698
765	156	152	77	73	0.021293
766	152	148	77	73	0.006678
767	79	80	78	77	0.335785
768	80	160	78	77	0.105505
769	160	159	78	77	0.049346
770	159	158	78	77	0.023989
771	158	157	78	77	0.012478
772	157	156	78	77	0.007346
773	156	155	78	77	0.005316
774	155	154	78	77	0.003840
775	80	159	78	76	0.209320
776	159	157	78	76	0.054084
777	157	155	78	76	0.019724
778	155	153	78	76	0.010498
779	153	151	78	76	0.004688
780	151	149	78	76	0.002887
781	149	147	78	76	0.001637
782	147	145	78	76	0.000965
783	160	157	78	75	0.144312
784	157	154	78	75	0.031995
785	154	151	78	75	0.011510
786	151	148	78	75	0.004939
787	148	145	78	75	0.002195
788	159	155	78	74	0.099354
789	155	151	78	74	0.022430
790	151	147	78	74	0.007039
791	80	160	79	78	0.376066
792	160	159	79	78	0.110800
793	159	158	79	78	0.042442
794	158	157	79	78	0.019605
795	157	156	79	78	0.010571
796	156	155	79	78	0.007202
797	155	154	79	78	0.005027
798	154	153	79	78	0.003450
799	160	158	79	77	0.226566
800	158	156	79	77	0.049994
801	156	154	79	77	0.021379
802	154	152	79	77	0.009824
803	152	150	79	77	0.004881
804	150	148	79	77	0.002838
805	148	146	79	77	0.001598
806	159	156	79	76	0.138067
807	156	153	79	76	0.034531
808	153	150	79	76	0.010989
809	150	147	79	76	0.004916
810	158	154	79	75	0.097106
811	154	150	79	75	0.021729
812	150	146	79	75	0.006856
813	160	159	80	79	0.505645
814	159	158	80	79	0.113524
815	158	157	80	79	0.041906
816	157	156	80	79	0.020030
817	156	155	80	79	0.012572
818	155	154	80	79	0.008245
819	154	153	80	79	0.005431
820	153	152	80	79	0.003062
821	159	157	80	78	0.217474
822	157	155	80	78	0.050377
823	155	153	80	78	0.022149
824	153	151	80	78	0.008755
825	151	149	80	78	0.004967
826	149	147	80	78	0.002651
827	147	145	80	78	0.001499
828	158	155	80	77	0.137028
829	155	152	80	77	0.035427
830	152	149	80	77	0.011630
831	149	146	80	77	0.004811
832	157	153	80	76	0.102751
833	153	149	80	76	0.021295
834	149	145	80	76	0.006748
835	159	158	160	80	0.603037
836	158	157	160	80	0.120875
837	157	156	160	80	0.044604
838	156	155	160	80	0.023980
839	155	154	160	80	0.014138
840	154	153	160	80	0.008668
841	153	152	160	80	0.004571
842	152	151	160	80	0.003078
843	158	156	160	79	0.227401
844	156	154	160	79	0.058936
845	154	152	160	79	0.021728
846	152	150	160	79	0.009162
847	150	148	160	79	0.004886
848	148	146	160	79	0.002589
849	157	154	160	78	0.146366
850	154	151	160	78	0.033947
851	151	148	160	78	0.011474
852	148	145	160	78	0.004533
853	156	152	160	77	0.111862
854	152	148	160	77	0.021767
855	158	157	159	160	0.663391
856	157	156	159	160	0.151870
857	156	155	159	160	0.064346
858	155	154	159	160	0.033238
859	154	153	159	160	0.018606
860	153	152	159	160	0.009082
861	152	151	159	160	0.005664
862	151	150	159	160	0.003912
863	157	155	159	80	0.284810
864	155	153	159	80	0.074647
865	153	151	159	80	0.022393
866	151	149	159	80	0.010499
867	149	147	159	80	0.005072
868	147	145	159	80	0.002654
869	156	153	159	79	0.189223
870	153	150	159	79	0.035452
871	150	147	159	79	0.012206
872	155	151	159	78	0.127947
873	151	147	159	78	0.023188
874	157	156	158	159	0.575139
875	156	155	158	159	0.153484
876	155	154	158	159	0.064977
877	154	153	158	159	0.032493
878	153	152	158	159	0.014535
879	152	151	158	159	0.008341
880	151	150	158	159	0.005465
881	150	149	158	159	0.003602
882	156	154	158	160	0.316023
883	154	152	158	160	0.074709
884	152	150	158	160	0.023382
885	150	148	158	160	0.010438
886	148	146	158	160	0.004932
887	155	152	158	80	0.200299
888	152	149	158	80	0.036642
889	149	146	158	80	0.011623
890	154	150	158	79	0.128986
891	150	146	158	79	0.022849
892	156	155	157	158	0.630731
893	155	154	157	158	0.168559
894	154	153	157	158	0.069163
895	153	152	157	158	0.027280
896	152	151	157	158	0.013878
897	151	150	157	158	0.008431
898	150	149	157	158	0.005213
899	149	148	157	158	0.003159
900	155	153	157	159	0.335187
901	153	151	157	159	0.064043
902	151	149	157	159	0.022705
903	149	147	157	159	0.009195
904	147	145	157	159	0.004235
905	154	151	157	160	0.199036
906	151	148	157	160	0.036621
907	148	145	157	160	0.010859
908	153	149	157	80	0.119632
909	149	145	157	80	0.021168
910	155	154	156	157	0.683849
911	154	153	156	157	0.183168
912	153	152	156	157	0.060142
913	152	151	156	157	0.026191
914	151	150	156	157	0.014411
915	150	149	156	157	0.008253
916	149	148	156	157	0.004747
917	148	147	156	157	0.003037
918	154	152	156	158	0.339756
919	152	150	156	158	0.062912
920	150	148	156	158	0.021379
921	148	146	156	158	0.008504
922	153	150	156	159	0.178686
923	150	147	156	159	0.034049
924	152	148	156	160	0.118101
925	154	153	155	156	0.764530
926	153	152	155	156	0.172198
927	152	151	155	156	0.059161
928	151	150	155	156	0.028453
929	150	149	155	156	0.014779
930	149	148	155	156	0.007966
931	148	147	155	156	0.004829
932	147	146	155	156	0.002958
933	153	151	155	157	0.317694
934	151	149	155	157	0.065895
935	149	147	155	157	0.020588
936	147	145	155	157	0.008028
937	152	149	155	158	0.178753
938	149	146	155	158	0.032168
939	151	147	155	159	0.118389
940	153	152	154	155	0.771236
941	152	151	154	155	0.161557
942	151	150	154	155	0.061320
943	150	149	154	155	0.027383
944	149	148	154	155	0.013444
945	148	147	154	155	0.007623
946	147	146	154	155	0.004394
947	146	145	154	155	0.002665
948	152	150	154	156	0.310475
949	150	148	154	156	0.063559
950	148	146	154	156	0.019807
951	151	148	154	157	0.180756
952	148	145	154	157	0.030580
953	150	146	154	158	0.113251
954	152	151	153	154	0.747757
955	151	150	153	154	0.172177
956	150	149	153	154	0.059394
957	149	148	153	154	0.025162
958	148	147	153	154	0.012969
959	147	146	153	154	0.006970
960	146	145	153	154	0.003950
961	151	149	153	155	0.320265
962	149	147	153	155	0.059192
963	147	145	153	155	0.017977
964	150	147	153	156	0.173517
965	149	145	153	157	0.105777
966	151	150	152	153	0.809554
967	150	149	152	153	0.152548
968	149	148	152	153	0.048980
969	148	147	152	153	0.021780
970	147	146	152	153	0.010583
971	146	145	152	153	0.005535
972	150	148	152	154	0.286045
973	148	146	152	154	0.052298
974	149	146	152	155	0.151889
975	150	149	151	152	0.951811
976	149	148	151	152	0.159372
977	148	147	151	152	0.053999
978	147	146	151	152	0.022515
979	146	145	151	152	0.010561
980	149	147	151	153	0.284121
981	147	145	151	153	0.049197
982	148	145	151	154	0.148855
983	149	148	150	151	0.945048
984	148	147	150	151	0.166878
985	147	146	150	151	0.052190
986	146	145	150	151	0.020743
987	148	146	150	152	0.295582
988	148	147	149	150	1.100795
989	147	146	149	150	0.174357
990	146	145	149	150	0.049619
991	147	145	149	151	0.296919
992	147	146	148	149	1.171283
993	146	145	148	149	0.144846
994	146	145	147	148	1.145582
