937
1	147	148	146	145	1.233584
2	148	149	146	145	0.148521
3	149	150	146	145	0.049383
4	150	151	146	145	0.020564
5	151	152	146	145	0.010373
6	152	153	146	145	0.005479
7	153	154	146	145	0.003863
8	148	149	147	146	1.236151
9	149	150	147	146	0.169997
10	149	151	147	145	0.282815
11	149	150	148	147	1.135509
12	150	151	148	147	0.177438
13	151	152	148	147	0.063132
14	150	152	148	146	0.298372
15	152	154	148	146	0.052567
16	154	156	148	146	0.019918
17	156	158	148	146	0.008514
18	158	160	148	146	0.005035
19	160	79	148	146	0.002598
20	79	77	148	146	0.001607
21	77	75	148	146	0.000898
22	151	154	148	145	0.148720
23	154	157	148	145	0.030728
24	157	160	148	145	0.010949
25	160	78	148	145	0.004527
26	78	75	148	145	0.002196
27	75	72	148	145	0.001116
28	72	69	148	145	0.000775
29	69	66	148	145	0.000652
30	150	151	149	148	0.952097
31	151	152	149	148	0.158663
32	152	153	149	148	0.049301
33	153	154	149	148	0.025212
34	154	155	149	148	0.016124
35	155	156	149	148	0.005367
36	156	157	149	148	0.004722
37	157	158	149	148	0.003116
38	151	153	149	147	0.308527
39	152	155	149	146	0.154494
40	155	158	149	146	0.030330
41	158	80	149	146	0.011795
42	80	77	149	146	0.004809
43	77	74	149	146	0.002132
44	74	71	149	146	0.001151
45	71	68	149	146	0.000951
46	68	65	149	146	0.000703
47	153	157	149	145	0.105929
48	157	80	149	145	0.021261
49	80	76	149	145	0.006759
50	76	72	149	145	0.002453
51	72	68	149	145	0.001561
52	151	152	150	149	0.945821
53	152	153	150	149	0.152825
54	153	154	150	149	0.059196
55	154	155	150	149	0.027886
56	155	156	150	149	0.014425
57	156	157	150	149	0.008298
58	157	158	150	149	0.005152
59	158	159	150	149	0.003646
60	152	154	150	148	0.286491
61	154	156	150	148	0.063797
62	156	158	150	148	0.021296
63	158	160	150	148	0.010631
64	160	79	150	148	0.004881
65	79	77	150	148	0.002824
66	77	75	150	148	0.001520
67	75	73	150	148	0.000994
68	154	158	150	146	0.113532
69	158	79	150	146	0.023126
70	79	75	150	146	0.006847
71	75	71	150	146	0.002686
72	71	67	150	146	0.001884
73	152	153	151	150	0.799433
74	153	154	151	150	0.169384
75	154	155	151	150	0.061211
76	155	156	151	150	0.028297
77	156	157	151	150	0.014461
78	157	158	151	150	0.008341
79	158	159	151	150	0.005532
80	159	160	151	150	0.004024
81	153	155	151	149	0.317654
82	155	157	151	149	0.065519
83	157	159	151	149	0.022679
84	159	80	151	149	0.010687
85	80	78	151	149	0.004963
86	78	76	151	149	0.002912
87	76	74	151	149	0.001541
88	74	72	151	149	0.000986
89	154	157	151	148	0.180795
90	157	160	151	148	0.036796
91	160	78	151	148	0.011460
92	78	75	151	148	0.004925
93	75	72	151	148	0.002296
94	72	69	151	148	0.001497
95	69	66	151	148	0.001194
96	74	70	151	147	0.002363
97	70	66	151	147	0.001682
98	153	154	152	151	0.726204
99	154	155	152	151	0.158604
100	155	156	152	151	0.058363
101	156	157	152	151	0.026039
102	157	158	152	151	0.013625
103	158	159	152	151	0.008396
104	159	160	152	151	0.005802
105	160	80	152	151	0.003062
106	154	156	152	150	0.306431
107	156	158	152	150	0.062465
108	158	160	152	150	0.023749
109	160	79	152	150	0.009144
110	79	77	152	150	0.004861
111	77	75	152	150	0.002460
112	75	73	152	150	0.001546
113	73	71	152	150	0.000984
114	155	158	152	149	0.177002
115	158	80	152	149	0.037126
116	80	77	152	149	0.011598
117	77	74	152	149	0.004539
118	74	71	152	149	0.002271
119	71	68	152	149	0.001759
120	68	65	152	149	0.001236
121	156	160	152	148	0.118136
122	160	77	152	148	0.021717
123	77	73	152	148	0.006521
124	73	69	152	148	0.003074
125	69	65	152	148	0.002228
126	154	155	153	152	0.760132
127	155	156	153	152	0.170847
128	156	157	153	152	0.060087
129	157	158	153	152	0.026943
130	158	159	153	152	0.014760
131	159	160	153	152	0.009385
132	160	80	153	152	0.004588
133	80	79	153	152	0.003077
134	155	157	153	151	0.315327
135	157	159	153	151	0.063728
136	159	80	153	151	0.022837
137	80	78	153	151	0.008750
138	78	76	153	151	0.004734
139	76	74	153	151	0.002337
140	74	72	153	151	0.001433
141	72	70	153	151	0.001082
142	156	159	153	150	0.178167
143	159	79	153	150	0.036018
144	79	76	153	150	0.011035
145	76	73	153	150	0.004290
146	73	70	153	150	0.002380
147	70	67	153	150	0.001903
148	157	80	153	149	0.119927
149	80	76	153	149	0.021357
150	76	72	153	149	0.006304
151	72	68	153	149	0.003504
152	155	156	154	153	0.755985
153	156	157	154	153	0.179801
154	157	158	154	153	0.067226
155	158	159	154	153	0.032591
156	159	160	154	153	0.019018
157	160	80	154	153	0.008612
158	80	79	154	153	0.005409
159	79	78	154	153	0.003426
160	156	158	154	152	0.334107
161	158	160	154	152	0.075764
162	160	79	154	152	0.021689
163	79	77	154	152	0.009814
164	77	75	154	152	0.004549
165	75	73	154	152	0.002673
166	73	71	154	152	0.001623
167	71	69	154	152	0.001345
168	157	160	154	151	0.197754
169	160	78	154	151	0.033855
170	78	75	154	151	0.011507
171	75	72	154	151	0.004669
172	72	69	154	151	0.002801
173	69	66	154	151	0.002100
174	158	79	154	150	0.130336
175	79	75	154	150	0.021683
176	75	71	154	150	0.006827
177	71	67	154	150	0.004168
178	156	157	155	154	0.662486
179	157	158	155	154	0.162012
180	158	159	155	154	0.064688
181	159	160	155	154	0.033777
182	160	80	155	154	0.013977
183	80	79	155	154	0.008174
184	79	78	155	154	0.004953
185	78	77	155	154	0.003820
186	157	159	155	153	0.326540
187	159	80	155	153	0.075390
188	80	78	155	153	0.021970
189	78	76	155	153	0.010551
190	76	74	155	153	0.004762
191	74	72	155	153	0.002772
192	72	70	155	153	0.001996
193	70	68	155	153	0.001697
194	158	80	155	152	0.201416
195	80	77	155	152	0.035250
196	77	74	155	152	0.011123
197	74	71	155	152	0.004879
198	71	68	155	152	0.003487
199	68	65	155	152	0.002282
200	159	78	155	151	0.128939
201	78	74	155	151	0.022384
202	74	70	155	151	0.007288
203	70	66	155	151	0.004517
204	157	158	156	155	0.606213
205	158	159	156	155	0.152970
206	159	160	156	155	0.065526
207	160	80	156	155	0.023769
208	80	79	156	155	0.012535
209	79	78	156	155	0.007164
210	78	77	156	155	0.005328
211	77	76	156	155	0.003146
212	158	160	156	154	0.316971
213	160	79	156	154	0.058460
214	79	77	156	154	0.021280
215	77	75	156	154	0.008896
216	75	73	156	154	0.004841
217	73	71	156	154	0.002784
218	71	69	156	154	0.002243
219	69	67	156	154	0.001900
220	159	79	156	153	0.190815
221	79	76	156	153	0.034576
222	76	73	156	153	0.011011
223	73	70	156	153	0.005407
224	70	67	156	153	0.003994
225	160	77	156	152	0.111246
226	77	73	156	152	0.020966
227	73	69	156	152	0.007998
228	69	65	156	152	0.005111
229	158	159	157	156	0.576295
230	159	160	157	156	0.153873
231	160	80	157	156	0.043804
232	80	79	157	156	0.019836
233	79	78	157	156	0.010473
234	78	77	157	156	0.007338
235	77	76	157	156	0.004111
236	76	75	157	156	0.002468
237	159	80	157	155	0.286961
238	80	78	157	155	0.049999
239	78	76	157	155	0.019924
240	76	74	157	155	0.007968
241	74	72	157	155	0.004314
242	72	70	157	155	0.002949
243	70	68	157	155	0.002419
244	68	66	157	155	0.001631
245	160	78	157	154	0.144679
246	78	75	157	154	0.031971
247	75	72	157	154	0.010653
248	72	69	157	154	0.005723
249	69	66	157	154	0.003959
250	80	76	157	153	0.102442
251	76	72	157	153	0.019813
252	72	68	157	153	0.009055
253	159	160	158	157	0.659487
254	160	80	158	157	0.115217
255	80	79	158	157	0.040430
256	79	78	158	157	0.018960
257	78	77	158	157	0.012207
258	77	76	158	157	0.006385
259	76	75	158	157	0.003640
260	75	74	158	157	0.002774
261	160	79	158	156	0.219280
262	79	77	158	156	0.048974
263	77	75	158	156	0.016605
264	75	73	158	156	0.007936
265	73	71	158	156	0.004185
266	71	69	158	156	0.003239
267	69	67	158	156	0.002595
268	67	65	158	156	0.001627
269	80	77	158	155	0.134267
270	77	74	158	155	0.028016
271	74	71	158	155	0.010073
272	71	68	158	155	0.006493
273	68	65	158	155	0.003977
274	79	75	158	154	0.095762
275	75	71	158	154	0.019748
276	71	67	158	154	0.009974
277	160	80	159	158	0.562967
278	80	79	159	158	0.108130
279	79	78	159	158	0.040915
280	78	77	159	158	0.023501
281	77	76	159	158	0.011297
282	76	75	159	158	0.006075
283	75	74	159	158	0.004428
284	74	73	159	158	0.002865
285	80	78	159	157	0.208416
286	78	76	159	157	0.053383
287	76	74	159	157	0.016919
288	74	72	159	157	0.008062
289	72	70	159	157	0.005089
290	70	68	159	157	0.003900
291	68	66	159	157	0.002502
292	79	76	159	156	0.135165
293	76	73	159	156	0.027409
294	73	70	159	156	0.011001
295	70	67	159	156	0.007197
296	78	74	159	155	0.098188
297	74	70	159	155	0.020421
298	70	66	159	155	0.010453
299	80	79	160	159	0.494503
300	79	78	160	159	0.110016
301	78	77	160	159	0.049963
302	77	76	160	159	0.020844
303	76	75	160	159	0.010266
304	75	74	160	159	0.007060
305	74	73	160	159	0.004388
306	73	72	160	159	0.002973
307	79	77	160	158	0.224382
308	77	75	160	158	0.048480
309	75	73	160	158	0.018740
310	73	71	160	158	0.008592
311	71	69	160	158	0.006522
312	69	67	160	158	0.004701
313	67	65	160	158	0.002849
314	78	75	160	157	0.144172
315	75	72	160	157	0.029681
316	72	69	160	157	0.013018
317	69	66	160	157	0.007933
318	77	73	160	156	0.091764
319	73	69	160	156	0.022531
320	69	65	160	156	0.011778
321	79	78	80	160	0.369812
322	78	77	80	160	0.105055
323	77	76	80	160	0.035132
324	76	75	80	160	0.014806
325	75	74	80	160	0.009015
326	74	73	80	160	0.005575
327	73	72	80	160	0.003488
328	78	76	80	159	0.210976
329	76	74	80	159	0.041120
330	74	72	80	159	0.016437
331	72	70	80	159	0.009200
332	70	68	80	159	0.006505
333	68	66	80	159	0.003949
334	77	74	80	158	0.118891
335	74	71	80	158	0.023965
336	71	68	80	158	0.018349
337	68	65	80	158	0.007740
338	76	72	80	157	0.082540
339	72	68	80	157	0.024697
340	78	77	79	80	0.331541
341	77	76	79	80	0.071759
342	76	75	79	80	0.025191
343	75	74	79	80	0.013282
344	74	73	79	80	0.008247
345	73	72	79	80	0.004644
346	72	71	79	80	0.006387
347	77	75	79	160	0.146877
348	75	73	79	160	0.036124
349	73	71	79	160	0.013943
350	71	69	79	160	0.009038
351	69	67	79	160	0.006231
352	67	65	79	160	0.003548
353	76	73	79	159	0.097822
354	73	70	79	159	0.026444
355	70	67	79	159	0.014394
356	75	71	79	158	0.077328
357	71	67	79	158	0.026541
358	77	76	78	79	0.179876
359	76	75	78	79	0.041608
360	75	74	78	79	0.019792
361	74	73	78	79	0.008471
362	73	72	78	79	0.005301
363	72	71	78	79	0.004227
364	71	70	78	79	0.002389
365	70	69	78	79	0.002195
366	76	74	78	80	0.099897
367	74	72	78	80	0.026641
368	72	70	78	80	0.012779
369	70	68	78	80	0.008230
370	68	66	78	80	0.004675
371	75	72	78	160	0.077811
372	72	69	78	160	0.023673
373	69	66	78	160	0.012220
374	74	70	78	159	0.065053
375	70	66	78	159	0.023355
376	76	75	77	78	0.165083
377	75	74	77	78	0.044865
378	74	73	77	78	0.016830
379	73	72	77	78	0.008572
380	72	71	77	78	0.005836
381	71	70	77	78	0.003873
382	70	69	77	78	0.002987
383	69	68	77	78	0.002549
384	75	73	77	79	0.089946
385	73	71	77	79	0.023968
386	71	69	77	79	0.011420
387	69	67	77	79	0.007736
388	67	65	77	79	0.004081
389	74	71	77	80	0.068904
390	71	68	77	80	0.019396
391	68	65	77	80	0.010631
392	73	69	77	160	0.058378
393	69	65	77	160	0.021594
394	75	74	76	77	0.155737
395	74	73	76	77	0.034177
396	73	72	76	77	0.013935
397	72	71	76	77	0.007840
398	71	70	76	77	0.005034
399	70	69	76	77	0.003407
400	69	68	76	77	0.002787
401	68	67	76	77	0.001870
402	74	72	76	78	0.073481
403	72	70	76	78	0.022578
404	70	68	76	78	0.011730
405	68	66	76	78	0.005898
406	73	70	76	79	0.057016
407	70	67	76	79	0.020981
408	72	68	76	80	0.055313
409	74	73	75	76	0.126317
410	73	72	75	76	0.030221
411	72	71	75	76	0.013248
412	71	70	75	76	0.007512
413	70	69	75	76	0.004605
414	69	68	75	76	0.003432
415	68	67	75	76	0.002164
416	67	66	75	76	0.001254
417	73	71	75	77	0.065228
418	71	69	75	77	0.020556
419	69	67	75	77	0.010251
420	67	65	75	77	0.004762
421	72	69	75	78	0.054321
422	69	66	75	78	0.018072
423	71	67	75	79	0.049927
424	73	72	74	75	0.148595
425	72	71	74	75	0.038132
426	71	70	74	75	0.016651
427	70	69	74	75	0.008701
428	69	68	74	75	0.005749
429	68	67	74	75	0.003352
430	67	66	74	75	0.001803
431	66	65	74	75	0.001724
432	72	70	74	76	0.075527
433	70	68	74	76	0.022479
434	68	66	74	76	0.008565
435	71	68	74	77	0.057869
436	68	65	74	77	0.015668
437	70	66	74	78	0.048668
438	72	71	73	74	0.148102
439	71	70	73	74	0.036973
440	70	69	73	74	0.015158
441	69	68	73	74	0.008440
442	68	67	73	74	0.004384
443	67	66	73	74	0.002238
444	66	65	73	74	0.002021
445	71	69	73	75	0.077471
446	69	67	73	75	0.021922
447	67	65	73	75	0.007784
448	70	67	73	76	0.055964
449	69	65	73	77	0.044717
450	71	70	72	73	0.144561
451	70	69	72	73	0.034913
452	69	68	72	73	0.014743
453	68	67	72	73	0.006539
454	67	66	72	73	0.003053
455	66	65	72	73	0.002576
456	70	68	72	74	0.073252
457	68	66	72	74	0.016213
458	69	66	72	75	0.050294
459	70	69	71	72	0.185163
460	69	68	71	72	0.035588
461	68	67	71	72	0.006577
462	67	66	71	72	0.010492
463	66	65	71	72	0.003807
464	69	67	71	73	0.063483
465	67	65	71	73	0.019843
466	68	65	71	74	0.041653
467	69	68	70	71	0.152572
468	68	67	70	71	0.035790
469	66	65	70	71	0.006617
470	68	66	70	72	0.057098
471	68	67	69	70	0.112785
472	67	66	69	70	0.023179
473	66	65	69	70	0.012549
474	67	65	69	71	0.046438
475	67	66	68	69	0.158534
476	66	65	68	69	0.046140
477	66	65	67	68	0.204793
478	68	69	67	66	0.158710
479	69	71	67	65	0.049771
480	73	75	67	65	0.007717
481	77	79	67	65	0.004081
482	158	156	67	65	0.001627
483	69	70	68	67	0.112690
484	72	73	68	67	0.006534
485	74	75	68	67	0.003408
486	76	77	68	67	0.001855
487	70	72	68	66	0.057160
488	72	74	68	66	0.016212
489	76	78	68	66	0.005897
490	78	80	68	66	0.004663
491	80	159	68	66	0.003944
492	159	157	68	66	0.002506
493	71	74	68	65	0.041622
494	74	77	68	65	0.015674
495	77	80	68	65	0.010622
496	80	158	68	65	0.007751
497	158	155	68	65	0.003904
498	155	152	68	65	0.002288
499	152	149	68	65	0.001238
500	149	146	68	65	0.000703
501	70	71	69	68	0.152606
502	71	72	69	68	0.035521
503	72	73	69	68	0.014718
504	74	75	69	68	0.005750
505	76	77	69	68	0.002789
506	77	78	69	68	0.002533
507	71	73	69	67	0.066481
508	73	75	69	67	0.021996
509	75	77	69	67	0.010191
510	77	79	69	67	0.007719
511	79	160	69	67	0.006221
512	160	158	69	67	0.004699
513	158	156	69	67	0.002591
514	156	154	69	67	0.001901
515	72	75	69	66	0.050276
516	75	78	69	66	0.018057
517	78	160	69	66	0.012224
518	160	157	69	66	0.007916
519	157	154	69	66	0.003977
520	154	151	69	66	0.002095
521	151	148	69	66	0.001188
522	148	145	69	66	0.000650
523	73	77	69	65	0.044723
524	77	160	69	65	0.021569
525	160	156	69	65	0.011773
526	156	152	69	65	0.005114
527	152	148	69	65	0.002242
528	71	72	70	69	0.161930
529	72	73	70	69	0.034566
530	73	74	70	69	0.015100
531	74	75	70	69	0.008655
532	76	77	70	69	0.003410
533	77	78	70	69	0.002984
534	78	79	70	69	0.002183
535	72	74	70	68	0.072808
536	74	76	70	68	0.022413
537	76	78	70	68	0.011713
538	78	80	70	68	0.008221
539	80	159	70	68	0.006493
540	159	157	70	68	0.003889
541	157	155	70	68	0.002415
542	155	153	70	68	0.001693
543	73	76	70	67	0.055870
544	76	79	70	67	0.020934
545	79	159	70	67	0.014360
546	159	156	70	67	0.007186
547	156	153	70	67	0.003995
548	153	150	70	67	0.001904
549	74	78	70	66	0.048598
550	78	159	70	66	0.023327
551	159	155	70	66	0.010450
552	155	151	70	66	0.004520
553	72	73	71	70	0.144177
554	73	74	71	70	0.036944
555	74	75	71	70	0.016619
556	75	76	71	70	0.007481
557	76	77	71	70	0.005002
558	77	78	71	70	0.003775
559	73	75	71	69	0.077318
560	75	77	71	69	0.020470
561	77	79	71	69	0.011055
562	79	160	71	69	0.009170
563	160	158	71	69	0.006773
564	158	156	71	69	0.003280
565	156	154	71	69	0.002268
566	154	152	71	69	0.001356
567	74	77	71	68	0.057701
568	158	155	71	68	0.006553
569	155	152	71	68	0.003505
570	152	149	71	68	0.001764
571	149	146	71	68	0.000956
572	75	79	71	67	0.049363
573	79	158	71	67	0.026926
574	158	154	71	67	0.010043
575	154	150	71	67	0.004140
576	150	146	71	67	0.001864
577	73	74	72	71	0.148274
578	74	75	72	71	0.038193
579	75	76	72	71	0.013294
580	76	77	72	71	0.007893
581	77	78	72	71	0.005999
582	78	79	72	71	0.004610
583	74	76	72	70	0.075563
584	76	78	72	70	0.022595
585	78	80	72	70	0.012793
586	80	159	72	70	0.009207
587	159	157	72	70	0.005100
588	157	155	72	70	0.002954
589	155	153	72	70	0.001996
590	153	151	72	70	0.001082
591	75	78	72	69	0.054333
592	78	160	72	69	0.023659
593	160	157	72	69	0.013018
594	157	154	72	69	0.005725
595	154	151	72	69	0.002801
596	151	148	72	69	0.001499
597	148	145	72	69	0.000775
598	76	80	72	68	0.055312
599	80	157	72	68	0.024695
600	157	153	72	68	0.009062
601	153	149	72	68	0.003512
602	149	145	72	68	0.001558
603	74	75	73	72	0.149031
604	75	76	73	72	0.030263
605	76	77	73	72	0.013956
606	77	78	73	72	0.008622
607	78	79	73	72	0.005322
608	79	80	73	72	0.004647
609	80	160	73	72	0.003473
610	160	159	73	72	0.002972
611	75	77	73	71	0.065382
612	77	79	73	71	0.024519
613	79	160	73	71	0.013762
614	160	158	73	71	0.008294
615	158	156	73	71	0.004131
616	156	154	73	71	0.002761
617	154	152	73	71	0.001609
618	152	150	73	71	0.000983
619	76	79	73	70	0.057118
620	79	159	73	70	0.026455
621	159	156	73	70	0.011021
622	156	153	73	70	0.005419
623	153	150	73	70	0.002380
624	77	160	73	69	0.058443
625	160	156	73	69	0.022543
626	156	152	73	69	0.007999
627	152	148	73	69	0.003063
628	75	76	74	73	0.126119
629	76	77	74	73	0.034344
630	77	78	74	73	0.016810
631	78	79	74	73	0.008724
632	79	80	74	73	0.008006
633	80	160	74	73	0.005487
634	160	159	74	73	0.004382
635	159	158	74	73	0.002867
636	76	78	74	72	0.073693
637	78	80	74	72	0.026697
638	80	159	74	72	0.016331
639	159	157	74	72	0.008062
640	157	155	74	72	0.004315
641	155	153	74	72	0.002773
642	153	151	74	72	0.001438
643	151	149	74	72	0.000988
644	77	80	74	71	0.069842
645	80	158	74	71	0.023009
646	158	155	74	71	0.009998
647	155	152	74	71	0.004857
648	152	149	74	71	0.002262
649	149	146	74	71	0.001157
650	78	159	74	70	0.065021
651	159	155	74	70	0.020430
652	155	151	74	70	0.007284
653	76	77	75	74	0.156516
654	77	78	75	74	0.044723
655	78	79	75	74	0.019582
656	79	80	75	74	0.013433
657	80	160	75	74	0.009084
658	160	159	75	74	0.007054
659	159	158	75	74	0.004429
660	158	157	75	74	0.002765
661	77	79	75	73	0.089786
662	79	160	75	73	0.036084
663	160	158	75	73	0.018738
664	158	156	75	73	0.007931
665	156	154	75	73	0.004842
666	154	152	75	73	0.002672
667	152	150	75	73	0.001546
668	150	148	75	73	0.001002
669	78	160	75	72	0.077781
670	160	157	75	72	0.029676
671	157	154	75	72	0.010651
672	154	151	75	72	0.004674
673	151	148	75	72	0.002290
674	148	145	75	72	0.001120
675	79	158	75	71	0.076929
676	158	154	75	71	0.019658
677	154	150	75	71	0.006812
678	150	146	75	71	0.002657
679	77	78	76	75	0.165520
680	78	79	76	75	0.041789
681	79	80	76	75	0.025237
682	80	160	76	75	0.014831
683	160	159	76	75	0.010282
684	159	158	76	75	0.006099
685	158	157	76	75	0.003646
686	157	156	76	75	0.002480
687	78	80	76	74	0.100054
688	80	159	76	74	0.041249
689	159	157	76	74	0.016947
690	157	155	76	74	0.007989
691	155	153	76	74	0.004767
692	153	151	76	74	0.002334
693	151	149	76	74	0.001543
694	79	159	76	73	0.097869
695	159	156	76	73	0.027446
696	156	153	76	73	0.011025
697	153	150	76	73	0.004283
698	150	147	76	73	0.001534
699	80	157	76	72	0.082593
700	157	153	76	72	0.019846
701	153	149	76	72	0.006302
702	149	145	76	72	0.002438
703	78	79	77	76	0.178891
704	79	80	77	76	0.071487
705	80	160	77	76	0.034854
706	160	159	77	76	0.020772
707	159	158	77	76	0.011266
708	158	157	77	76	0.006348
709	157	156	77	76	0.004095
710	156	155	77	76	0.003128
711	79	160	77	75	0.146423
712	160	158	77	75	0.048420
713	158	156	77	75	0.016567
714	156	154	77	75	0.008890
715	154	152	77	75	0.004543
716	152	150	77	75	0.002448
717	150	148	77	75	0.001517
718	148	146	77	75	0.000895
719	80	158	77	74	0.118684
720	158	155	77	74	0.027975
721	155	152	77	74	0.011119
722	152	149	77	74	0.004482
723	149	146	77	74	0.002132
724	160	156	77	73	0.091649
725	156	152	77	73	0.020943
726	152	148	77	73	0.006514
727	79	80	78	77	0.330151
728	80	160	78	77	0.105128
729	160	159	78	77	0.049917
730	159	158	78	77	0.023528
731	158	157	78	77	0.012177
732	157	156	78	77	0.007345
733	156	155	78	77	0.005329
734	155	154	78	77	0.003824
735	80	159	78	76	0.210649
736	159	157	78	76	0.053330
737	157	155	78	76	0.019900
738	155	153	78	76	0.010545
739	153	151	78	76	0.004728
740	151	149	78	76	0.002917
741	147	145	78	76	0.001963
742	160	157	78	75	0.144025
743	157	154	78	75	0.031964
744	154	151	78	75	0.011500
745	151	148	78	75	0.004918
746	148	145	78	75	0.002154
747	159	155	78	74	0.098166
748	155	151	78	74	0.022373
749	151	147	78	74	0.005548
750	80	160	79	78	0.368862
751	160	159	79	78	0.109784
752	159	158	79	78	0.040932
753	158	157	79	78	0.018881
754	157	156	79	78	0.010482
755	156	155	79	78	0.007163
756	155	154	79	78	0.004953
757	154	153	79	78	0.003432
758	160	158	79	77	0.224138
759	158	156	79	77	0.048879
760	156	154	79	77	0.021269
761	154	152	79	77	0.009813
762	152	150	79	77	0.004856
763	150	148	79	77	0.002829
764	148	146	79	77	0.001594
765	159	156	79	76	0.135042
766	156	153	79	76	0.034542
767	153	150	79	76	0.011018
768	150	147	79	76	0.003168
769	158	154	79	75	0.095593
770	154	150	79	75	0.021664
771	150	146	79	75	0.006847
772	160	159	80	79	0.494386
773	159	158	80	79	0.108390
774	158	157	80	79	0.040356
775	157	156	80	79	0.019853
776	156	155	80	79	0.012546
777	155	154	80	79	0.008182
778	154	153	80	79	0.005418
779	153	152	80	79	0.003073
780	159	157	80	78	0.208566
781	157	155	80	78	0.050034
782	155	153	80	78	0.021977
783	153	151	80	78	0.008743
784	151	149	80	78	0.004964
785	147	145	80	78	0.003406
786	158	155	80	77	0.134116
787	155	152	80	77	0.035261
788	152	149	80	77	0.011605
789	149	146	80	77	0.004823
790	157	153	80	76	0.102456
791	153	149	80	76	0.021345
792	149	145	80	76	0.006764
793	159	158	160	80	0.563775
794	158	157	160	80	0.115082
795	157	156	160	80	0.043827
796	156	155	160	80	0.023767
797	155	154	160	80	0.013969
798	154	153	160	80	0.008616
799	153	152	160	80	0.004596
800	152	151	160	80	0.003064
801	158	156	160	79	0.219088
802	156	154	160	79	0.058461
803	154	152	160	79	0.021704
804	152	150	160	79	0.009150
805	150	148	160	79	0.004881
806	148	146	160	79	0.002600
807	157	154	160	78	0.144723
808	154	151	160	78	0.033861
809	151	148	160	78	0.011466
810	148	145	160	78	0.004538
811	156	152	160	77	0.111243
812	152	148	160	77	0.021713
813	158	157	159	160	0.658936
814	157	156	159	160	0.154103
815	156	155	159	160	0.065556
816	155	154	159	160	0.033801
817	154	153	159	160	0.019039
818	153	152	159	160	0.009387
819	152	151	159	160	0.005800
820	151	150	159	160	0.004022
821	157	155	159	80	0.287248
822	155	153	159	80	0.075430
823	153	151	159	80	0.022843
824	151	149	159	80	0.010693
825	147	145	159	80	0.008388
826	156	153	159	79	0.190870
827	153	150	159	79	0.036021
828	150	147	159	79	0.005528
829	155	151	159	78	0.128988
830	151	147	159	78	0.015861
831	157	156	158	159	0.576318
832	156	155	158	159	0.152749
833	155	154	158	159	0.064632
834	154	153	158	159	0.032570
835	153	152	158	159	0.014735
836	152	151	158	159	0.008386
837	151	150	158	159	0.005527
838	150	149	158	159	0.003638
839	156	154	158	160	0.316742
840	154	152	158	160	0.075740
841	152	150	158	160	0.023739
842	150	148	158	160	0.010617
843	148	146	158	160	0.005031
844	155	152	158	80	0.201346
845	152	149	158	80	0.037105
846	149	146	158	80	0.011779
847	154	150	158	79	0.130305
848	150	146	158	79	0.023128
849	156	155	157	158	0.606712
850	155	154	157	158	0.162260
851	154	153	157	158	0.067346
852	153	152	157	158	0.026953
853	152	151	157	158	0.013640
854	151	150	157	158	0.008348
855	150	149	157	158	0.005162
856	149	148	157	158	0.003111
857	155	153	157	159	0.326782
858	153	151	157	159	0.063701
859	151	149	157	159	0.022681
860	147	145	157	159	0.025171
861	154	151	157	160	0.197838
862	151	148	157	160	0.036807
863	148	145	157	160	0.010956
864	153	149	157	80	0.119916
865	149	145	157	80	0.021266
866	155	154	156	157	0.663187
867	154	153	156	157	0.179891
868	153	152	156	157	0.060033
869	152	151	156	157	0.026024
870	151	150	156	157	0.014462
871	150	149	156	157	0.008291
872	149	148	156	157	0.004715
873	154	152	156	158	0.334194
874	152	150	156	158	0.062462
875	150	148	156	158	0.021273
876	148	146	156	158	0.008521
877	153	150	156	159	0.178094
878	152	148	156	160	0.118092
879	154	153	155	156	0.756943
880	153	152	155	156	0.170994
881	152	151	155	156	0.058387
882	151	150	155	156	0.028274
883	150	149	155	156	0.014403
884	149	148	155	156	0.005704
885	147	146	155	156	1.715839
886	153	151	155	157	0.315423
887	151	149	155	157	0.065417
888	147	145	155	157	1.813476
889	152	149	155	158	0.176949
890	149	146	155	158	0.029954
891	153	152	154	155	0.759621
892	152	151	154	155	0.158588
893	151	150	154	155	0.061262
894	150	149	154	155	0.027928
895	149	148	154	155	0.015794
896	152	150	154	156	0.306492
897	150	148	154	156	0.063804
898	148	146	154	156	0.019927
899	151	148	154	157	0.180785
900	148	145	154	157	0.030757
901	150	146	154	158	0.113520
902	152	151	153	154	0.725071
903	151	150	153	154	0.169231
904	150	149	153	154	0.059152
905	149	148	153	154	0.025192
906	148	147	153	154	0.071302
907	146	145	153	154	0.003812
908	151	149	153	155	0.317580
909	150	147	153	156	0.227906
910	149	145	153	157	0.105869
911	151	150	152	153	0.799594
912	150	149	152	153	0.152872
913	149	148	152	153	0.049296
914	148	147	152	153	0.039094
915	146	145	152	153	0.005461
916	150	148	152	154	0.286466
917	148	146	152	154	0.052561
918	149	146	152	155	0.154837
919	150	149	151	152	0.946252
920	149	148	151	152	0.158608
921	148	147	151	152	0.063623
922	146	145	151	152	0.010465
923	149	147	151	153	0.310361
924	147	145	151	153	0.022509
925	148	145	151	154	0.148724
926	149	148	150	151	0.951445
927	148	147	150	151	0.177243
928	147	146	150	151	0.044720
929	146	145	150	151	0.020543
930	148	146	150	152	0.298491
931	148	147	149	150	1.135505
932	147	146	149	150	0.166692
933	146	145	149	150	0.049315
934	147	145	149	151	0.281398
935	147	146	148	149	1.220323
936	146	145	148	149	0.148259
937	146	145	147	148	1.200544
