910
1	147	148	146	145	1.113965
2	148	149	146	145	0.139757
3	149	150	146	145	0.049278
4	150	151	146	145	0.020621
5	151	152	146	145	0.010577
6	152	153	146	145	0.005700
7	153	154	146	145	0.004032
8	154	155	146	145	0.002756
9	148	149	147	146	1.133612
10	149	150	147	146	0.172040
11	150	151	147	146	0.052221
12	151	152	147	146	0.022852
13	152	153	147	146	0.011065
14	153	154	147	146	0.007222
15	154	155	147	146	0.004625
16	155	156	147	146	0.003071
17	149	151	147	145	0.294112
18	151	153	147	145	0.050192
19	153	155	147	145	0.018640
20	155	157	147	145	0.008179
21	157	159	147	145	0.004256
22	159	80	147	145	0.002830
23	80	78	147	145	0.001477
24	149	150	148	147	0.987026
25	150	151	148	147	0.156804
26	151	152	148	147	0.053101
27	152	153	148	147	0.022361
28	153	154	148	147	0.013301
29	154	155	148	147	0.007939
30	155	156	148	147	0.004964
31	156	157	148	147	0.003071
32	150	152	148	146	0.285045
33	152	154	148	146	0.053963
34	154	156	148	146	0.020610
35	156	158	148	146	0.008517
36	158	160	148	146	0.005145
37	160	79	148	146	0.002652
38	79	77	148	146	0.001595
39	77	75	148	146	0.000893
40	151	154	148	145	0.150237
41	154	157	148	145	0.031527
42	157	160	148	145	0.011082
43	160	78	148	145	0.004601
44	78	75	148	145	0.002178
45	75	72	148	145	0.001115
46	72	69	148	145	0.000772
47	69	66	148	145	0.000648
48	150	151	149	148	0.810305
49	151	152	149	148	0.149181
50	152	153	149	148	0.049184
51	153	154	149	148	0.025465
52	154	155	149	148	0.013909
53	155	156	149	148	0.008144
54	156	157	149	148	0.004736
55	157	158	149	148	0.003103
56	151	153	149	147	0.273753
57	153	155	149	147	0.060595
58	155	157	149	147	0.020908
59	157	159	149	147	0.009319
60	159	80	149	147	0.005184
61	80	78	149	147	0.002687
62	78	76	149	147	0.001915
63	152	155	149	146	0.155086
64	155	158	149	146	0.032539
65	158	80	149	146	0.012079
66	80	77	149	146	0.004821
67	77	74	149	146	0.002113
68	74	71	149	146	0.001161
69	71	68	149	146	0.000959
70	68	65	149	146	0.000707
71	153	157	149	145	0.108332
72	157	80	149	145	0.021581
73	80	76	149	145	0.006849
74	76	72	149	145	0.002372
75	72	68	149	145	0.001572
76	151	152	150	149	0.844374
77	152	153	150	149	0.148612
78	153	154	150	149	0.059610
79	154	155	150	149	0.028383
80	155	156	150	149	0.015184
81	156	157	150	149	0.008270
82	157	158	150	149	0.005108
83	158	159	150	149	0.003818
84	152	154	150	148	0.282853
85	154	156	150	148	0.065615
86	156	158	150	148	0.021215
87	158	160	150	148	0.010990
88	160	79	150	148	0.004924
89	79	77	150	148	0.002848
90	77	75	150	148	0.001502
91	75	73	150	148	0.000957
92	153	156	150	147	0.176876
93	156	159	150	147	0.034323
94	159	79	150	147	0.012587
95	79	76	150	147	0.005051
96	76	73	150	147	0.002000
97	73	70	150	147	0.001274
98	70	67	150	147	0.001123
99	154	158	150	146	0.115952
100	158	79	150	146	0.023732
101	79	75	150	146	0.006840
102	75	71	150	146	0.002677
103	71	67	150	146	0.001874
104	152	153	151	150	0.707559
105	153	154	151	150	0.161623
106	154	155	151	150	0.061000
107	155	156	151	150	0.028370
108	156	157	151	150	0.014135
109	157	158	151	150	0.008277
110	158	159	151	150	0.005611
111	159	160	151	150	0.004013
112	153	155	151	149	0.310651
113	155	157	151	149	0.065973
114	157	159	151	149	0.022815
115	159	80	151	149	0.010846
116	80	78	151	149	0.004942
117	78	76	151	149	0.002862
118	76	74	151	149	0.001529
119	74	72	151	149	0.000984
120	154	157	151	148	0.182151
121	157	160	151	148	0.037119
122	160	78	151	148	0.011546
123	78	75	151	148	0.004869
124	75	72	151	148	0.002267
125	72	69	151	148	0.001491
126	69	66	151	148	0.001202
127	155	159	151	147	0.118973
128	159	78	151	147	0.023646
129	78	74	151	147	0.006914
130	74	70	151	147	0.002829
131	70	66	151	147	0.001988
132	153	154	152	151	0.636215
133	154	155	152	151	0.151707
134	155	156	152	151	0.056828
135	156	157	152	151	0.025023
136	157	158	152	151	0.013268
137	158	159	152	151	0.008525
138	159	160	152	151	0.005809
139	160	80	152	151	0.003097
140	154	156	152	150	0.297863
141	156	158	152	150	0.060699
142	158	160	152	150	0.023957
143	160	79	152	150	0.009198
144	79	77	152	150	0.004739
145	77	75	152	150	0.002393
146	75	73	152	150	0.001535
147	73	71	152	150	0.000943
148	155	158	152	149	0.174472
149	158	80	152	149	0.037703
150	80	77	152	149	0.011481
151	77	74	152	149	0.004442
152	74	71	152	149	0.002246
153	71	68	152	149	0.001755
154	68	65	152	149	0.001233
155	156	160	152	148	0.116884
156	160	77	152	148	0.021718
157	77	73	152	148	0.006388
158	73	69	152	148	0.003044
159	69	65	152	148	0.002224
160	154	155	153	152	0.689193
161	155	156	153	152	0.161324
162	156	157	153	152	0.057035
163	157	158	153	152	0.026216
164	158	159	153	152	0.015070
165	159	160	153	152	0.009434
166	160	80	153	152	0.004655
167	80	79	153	152	0.003067
168	155	157	153	151	0.300211
169	157	159	153	151	0.063070
170	159	80	153	151	0.023001
171	80	78	153	151	0.008661
172	78	76	153	151	0.004633
173	76	74	153	151	0.002287
174	74	72	153	151	0.001419
175	72	70	153	151	0.001072
176	156	159	153	150	0.173144
177	159	79	153	150	0.036184
178	79	76	153	150	0.010924
179	76	73	153	150	0.004105
180	73	70	153	150	0.002319
181	70	67	153	150	0.001894
182	157	80	153	149	0.119728
183	80	76	153	149	0.021109
184	76	72	153	149	0.006198
185	72	68	153	149	0.003484
186	155	156	154	153	0.671786
187	156	157	154	153	0.167357
188	157	158	154	153	0.064808
189	158	159	154	153	0.033214
190	159	160	154	153	0.019132
191	160	80	154	153	0.008757
192	80	79	154	153	0.005405
193	79	78	154	153	0.003380
194	156	158	154	152	0.315424
195	158	160	154	152	0.076856
196	160	79	154	152	0.021897
197	79	77	154	152	0.009684
198	77	75	154	152	0.004457
199	75	73	154	152	0.002615
200	73	71	154	152	0.001610
201	71	69	154	152	0.001335
202	157	160	154	151	0.195465
203	160	78	154	151	0.033968
204	78	75	154	151	0.011284
205	75	72	154	151	0.004586
206	72	69	154	151	0.002762
207	69	66	154	151	0.002090
208	158	79	154	150	0.131891
209	79	75	154	150	0.021269
210	75	71	154	150	0.006707
211	71	67	154	150	0.004112
212	156	157	155	154	0.598491
213	157	158	155	154	0.156256
214	158	159	155	154	0.066836
215	159	160	155	154	0.034664
216	160	80	155	154	0.014541
217	80	79	155	154	0.008386
218	79	78	155	154	0.005000
219	78	77	155	154	0.003854
220	157	159	155	153	0.321085
221	159	80	155	153	0.077095
222	80	78	155	153	0.022179
223	78	76	155	153	0.010554
224	76	74	155	153	0.004686
225	74	72	155	153	0.002779
226	72	70	155	153	0.002002
227	70	68	155	153	0.001720
228	158	80	155	152	0.206306
229	80	77	155	152	0.035409
230	77	74	155	152	0.010995
231	74	71	155	152	0.004872
232	71	68	155	152	0.003519
233	68	65	155	152	0.002292
234	159	78	155	151	0.130940
235	78	74	155	151	0.022154
236	74	70	155	151	0.007270
237	70	66	155	151	0.004513
238	157	158	156	155	0.560553
239	158	159	156	155	0.154034
240	159	160	156	155	0.066024
241	160	80	156	155	0.024368
242	80	79	156	155	0.012692
243	79	78	156	155	0.007116
244	78	77	156	155	0.005297
245	77	76	156	155	0.003137
246	158	160	156	154	0.321548
247	160	79	156	154	0.059984
248	79	77	156	154	0.021273
249	77	75	156	154	0.008836
250	75	73	156	154	0.004812
251	73	71	156	154	0.002768
252	71	69	156	154	0.002269
253	69	67	156	154	0.001937
254	159	79	156	153	0.193977
255	79	76	156	153	0.034496
256	76	73	156	153	0.010828
257	73	70	156	153	0.005408
258	70	67	156	153	0.004023
259	160	77	156	152	0.112846
260	77	73	156	152	0.020726
261	73	69	156	152	0.007975
262	69	65	156	152	0.005182
263	158	159	157	156	0.544536
264	159	160	157	156	0.147280
265	160	80	157	156	0.043282
266	80	79	157	156	0.019583
267	79	78	157	156	0.010196
268	78	77	157	156	0.007150
269	77	76	157	156	0.004008
270	76	75	157	156	0.002341
271	159	80	157	155	0.280938
272	80	78	157	155	0.049588
273	78	76	157	155	0.019600
274	76	74	157	155	0.007649
275	74	72	157	155	0.004248
276	72	70	157	155	0.002905
277	70	68	157	155	0.002401
278	68	66	157	155	0.001597
279	160	78	157	154	0.145161
280	78	75	157	154	0.031487
281	75	72	157	154	0.010490
282	72	69	157	154	0.005677
283	69	66	157	154	0.003954
284	80	76	157	153	0.101925
285	76	72	157	153	0.019354
286	72	68	157	153	0.009023
287	159	160	158	157	0.588033
288	160	80	158	157	0.108306
289	80	79	158	157	0.038937
290	79	78	158	157	0.018181
291	78	77	158	157	0.011755
292	77	76	158	157	0.005957
293	76	75	158	157	0.003622
294	75	74	158	157	0.002628
295	160	79	158	156	0.209943
296	79	77	158	156	0.047247
297	77	75	158	156	0.015918
298	75	73	158	156	0.007600
299	73	71	158	156	0.004053
300	71	69	158	156	0.003178
301	69	67	158	156	0.002571
302	67	65	158	156	0.001581
303	80	77	158	155	0.130787
304	77	74	158	155	0.026979
305	74	71	158	155	0.009801
306	71	68	158	155	0.006445
307	68	65	158	155	0.003814
308	79	75	158	154	0.093225
309	75	71	158	154	0.019232
310	71	67	158	154	0.009956
311	160	80	159	158	0.506096
312	80	79	159	158	0.102778
313	79	78	159	158	0.039478
314	78	77	159	158	0.022970
315	77	76	159	158	0.011113
316	76	75	159	158	0.005811
317	75	74	159	158	0.004281
318	74	73	159	158	0.002869
319	80	78	159	157	0.199172
320	78	76	159	157	0.051745
321	76	74	159	157	0.016305
322	74	72	159	157	0.007966
323	72	70	159	157	0.005010
324	70	68	159	157	0.003873
325	68	66	159	157	0.002449
326	79	76	159	156	0.130675
327	76	73	159	156	0.026487
328	73	70	159	156	0.010819
329	70	67	159	156	0.007123
330	78	74	159	155	0.095283
331	74	70	159	155	0.020125
332	70	66	159	155	0.010317
333	80	79	160	159	0.460787
334	79	78	160	159	0.104833
335	78	77	160	159	0.048638
336	77	76	160	159	0.020513
337	76	75	160	159	0.009770
338	75	74	160	159	0.006800
339	74	73	160	159	0.004475
340	73	72	160	159	0.002942
341	79	77	160	158	0.215878
342	77	75	160	158	0.047202
343	75	73	160	158	0.018434
344	73	71	160	158	0.008112
345	71	69	160	158	0.006867
346	69	67	160	158	0.004769
347	67	65	160	158	0.002826
348	78	75	160	157	0.140057
349	75	72	160	157	0.029088
350	72	69	160	157	0.012823
351	69	66	160	157	0.007914
352	77	73	160	156	0.089135
353	73	69	160	156	0.022200
354	69	65	160	156	0.011747
355	79	78	80	160	0.346110
356	78	77	80	160	0.103243
357	77	76	80	160	0.034455
358	76	75	80	160	0.014666
359	75	74	80	160	0.008680
360	74	73	80	160	0.005853
361	73	72	80	160	0.003551
362	78	76	80	159	0.206822
363	76	74	80	159	0.039860
364	74	72	80	159	0.016844
365	72	70	80	159	0.009223
366	70	68	80	159	0.006591
367	68	66	80	159	0.003934
368	77	74	80	158	0.116021
369	74	71	80	158	0.018878
370	71	68	80	158	0.023956
371	68	65	80	158	0.007772
372	76	72	80	157	0.080980
373	72	68	80	157	0.024699
374	78	77	79	80	0.313907
375	77	76	79	80	0.069893
376	76	75	79	80	0.024341
377	75	74	79	80	0.009271
378	74	73	79	80	0.011814
379	73	72	79	80	0.004656
380	72	71	79	80	0.010696
381	77	75	79	160	0.143332
382	75	73	79	160	0.035608
383	73	71	79	160	0.013803
384	71	69	79	160	0.009263
385	69	67	79	160	0.006377
386	67	65	79	160	0.003529
387	76	73	79	159	0.095720
388	73	70	79	159	0.026510
389	70	67	79	159	0.014522
390	75	71	79	158	0.075788
391	71	67	79	158	0.027417
392	77	76	78	79	0.177765
393	76	75	78	79	0.039690
394	75	74	78	79	0.022941
395	74	73	78	79	0.005002
396	73	72	78	79	0.005226
397	72	71	78	79	0.004985
398	71	70	78	79	0.001647
399	70	69	78	79	0.002194
400	76	74	78	80	0.096427
401	74	72	78	80	0.026632
402	72	70	78	80	0.012773
403	70	68	78	80	0.008269
404	68	66	78	80	0.004598
405	75	72	78	160	0.076985
406	72	69	78	160	0.023685
407	69	66	78	160	0.012287
408	74	70	78	159	0.065543
409	70	66	78	159	0.023385
410	76	75	77	78	0.147732
411	75	74	77	78	0.043954
412	74	73	77	78	0.015267
413	73	72	77	78	0.008629
414	72	71	77	78	0.006328
415	71	70	77	78	0.003559
416	70	69	77	78	0.002938
417	69	68	77	78	0.002604
418	75	73	77	79	0.087126
419	73	71	77	79	0.025242
420	71	69	77	79	0.010254
421	69	67	77	79	0.007789
422	67	65	77	79	0.004024
423	74	71	77	80	0.073355
424	71	68	77	80	0.013646
425	68	65	77	80	0.010541
426	73	69	77	160	0.058590
427	69	65	77	160	0.021725
428	73	71	75	77	0.063888
429	71	69	75	77	0.019972
430	69	67	75	77	0.010375
431	67	65	75	77	0.004736
432	72	69	75	78	0.053826
433	69	66	75	78	0.018152
434	71	67	75	79	0.048313
435	73	72	74	75	0.136597
436	72	71	74	75	0.037095
437	71	70	74	75	0.016031
438	70	69	74	75	0.008584
439	69	68	74	75	0.005901
440	68	67	74	75	0.003375
441	67	66	74	75	0.001691
442	66	65	74	75	0.001739
443	71	68	74	77	0.056877
444	68	65	74	77	0.015528
445	70	66	74	78	0.048571
446	72	71	73	74	0.137818
447	71	70	73	74	0.035055
448	70	69	73	74	0.014811
449	69	68	73	74	0.008641
450	68	67	73	74	0.004341
451	67	66	73	74	0.002124
452	66	65	73	74	0.002026
453	71	69	73	75	0.074473
454	69	67	73	75	0.022252
455	67	65	73	75	0.007579
456	69	65	73	77	0.044942
457	71	70	72	73	0.135760
458	70	69	72	73	0.034509
459	69	68	72	73	0.015167
460	68	67	72	73	0.006488
461	67	66	72	73	0.002916
462	66	65	72	73	0.002590
463	70	68	72	74	0.073124
464	68	66	72	74	0.015866
465	69	66	72	75	0.050639
466	70	69	71	72	0.189858
467	69	68	71	72	0.037220
468	68	67	71	72	0.008185
469	67	66	71	72	0.008978
470	66	65	71	72	0.003891
471	69	67	71	73	0.066925
472	67	65	71	73	0.018484
473	68	65	71	74	0.041527
474	69	68	70	71	0.152785
475	68	67	70	71	0.033059
476	66	65	70	71	0.006566
477	68	66	70	72	0.054940
478	68	67	69	70	0.103007
479	67	66	69	70	0.021409
480	66	65	69	70	0.012487
481	67	65	69	71	0.045039
482	67	66	68	69	0.136585
483	66	65	68	69	0.045453
484	66	65	67	68	0.198399
485	68	69	66	65	0.043939
486	68	69	67	66	0.136879
487	69	71	67	65	0.048117
488	73	75	67	65	0.007540
489	75	77	67	65	0.004763
490	79	160	67	65	0.003537
491	160	158	67	65	0.002831
492	158	156	67	65	0.001578
493	69	70	68	67	0.102870
494	70	71	68	67	0.030215
495	71	72	68	67	0.010861
496	73	74	68	67	0.004351
497	70	72	68	66	0.054936
498	72	74	68	66	0.015866
499	76	78	68	66	0.005847
500	78	80	68	66	0.004596
501	80	159	68	66	0.003934
502	159	157	68	66	0.002453
503	157	155	68	66	0.001593
504	71	74	68	65	0.041507
505	74	77	68	65	0.015517
506	77	80	68	65	0.010550
507	80	158	68	65	0.007773
508	158	155	68	65	0.003838
509	149	146	68	65	0.000708
510	70	71	69	68	0.152425
511	71	72	69	68	0.037113
512	72	73	69	68	0.015150
513	73	74	69	68	0.008631
514	74	75	69	68	0.005890
515	71	73	69	67	0.069541
516	73	75	69	67	0.022275
517	75	77	69	67	0.010355
518	77	79	69	67	0.007785
519	79	160	69	67	0.006380
520	160	158	69	67	0.004762
521	158	156	69	67	0.002568
522	156	154	69	67	0.001939
523	72	75	69	66	0.050597
524	75	78	69	66	0.018159
525	78	160	69	66	0.012290
526	160	157	69	66	0.007901
527	157	154	69	66	0.003973
528	154	151	69	66	0.002087
529	73	77	69	65	0.044929
530	77	160	69	65	0.021722
531	160	156	69	65	0.011736
532	156	152	69	65	0.005160
533	152	148	69	65	0.002229
534	71	72	70	69	0.161997
535	72	73	70	69	0.033694
536	73	74	70	69	0.014631
537	74	75	70	69	0.008481
538	75	76	70	69	0.004532
539	77	78	70	69	0.002920
540	78	79	70	69	0.002179
541	72	74	70	68	0.072138
542	74	76	70	68	0.022357
543	76	78	70	68	0.011802
544	78	80	70	68	0.008237
545	80	159	70	68	0.006568
546	159	157	70	68	0.003863
547	157	155	70	68	0.002397
548	155	153	70	68	0.001719
549	73	76	70	67	0.055459
550	76	79	70	67	0.021045
551	79	159	70	67	0.014500
552	159	156	70	67	0.007098
553	156	153	70	67	0.004028
554	153	150	70	67	0.001894
555	150	147	70	67	0.001124
556	74	78	70	66	0.048391
557	78	159	70	66	0.023335
558	159	155	70	66	0.010298
559	155	151	70	66	0.004535
560	151	147	70	66	0.001972
561	72	73	71	70	0.135886
562	73	74	71	70	0.035156
563	74	75	71	70	0.016085
564	75	76	71	70	0.007201
565	76	77	71	70	0.004956
566	77	78	71	70	0.003666
567	73	75	71	69	0.074374
568	75	77	71	69	0.020018
569	77	79	71	69	0.010717
570	79	160	71	69	0.009096
571	160	158	71	69	0.006736
572	158	156	71	69	0.003153
573	156	154	71	69	0.002255
574	154	152	71	69	0.001337
575	74	77	71	68	0.056867
576	158	155	71	68	0.006423
577	155	152	71	68	0.003514
578	152	149	71	68	0.001749
579	149	146	71	68	0.000956
580	75	79	71	67	0.048786
581	79	158	71	67	0.027055
582	158	154	71	67	0.009932
583	154	150	71	67	0.004133
584	150	146	71	67	0.001897
585	73	74	72	71	0.137581
586	74	75	72	71	0.037089
587	75	76	72	71	0.013291
588	76	77	72	71	0.007967
589	77	78	72	71	0.006085
590	78	79	72	71	0.004772
591	74	76	72	70	0.073534
592	76	78	72	70	0.022690
593	78	80	72	70	0.012757
594	80	159	72	70	0.009231
595	159	157	72	70	0.005001
596	157	155	72	70	0.002905
597	155	153	72	70	0.002009
598	153	151	72	70	0.001065
599	75	78	72	69	0.053857
600	78	160	72	69	0.023620
601	160	157	72	69	0.012825
602	157	154	72	69	0.005674
603	154	151	72	69	0.002761
604	76	80	72	68	0.055403
605	80	157	72	68	0.024669
606	157	153	72	68	0.009025
607	153	149	72	68	0.003484
608	149	145	72	68	0.001566
609	74	75	73	72	0.136623
610	75	76	73	72	0.028886
611	76	77	73	72	0.013727
612	77	78	73	72	0.008840
613	78	79	73	72	0.005275
614	79	80	73	72	0.004682
615	80	160	73	72	0.003531
616	160	159	73	72	0.002956
617	75	77	73	71	0.063846
618	77	79	73	71	0.024912
619	79	160	73	71	0.013899
620	160	158	73	71	0.008217
621	158	156	73	71	0.004036
622	156	154	73	71	0.002779
623	154	152	73	71	0.001603
624	76	79	73	70	0.056819
625	79	159	73	70	0.026526
626	159	156	73	70	0.010816
627	156	153	73	70	0.005411
628	153	150	73	70	0.002341
629	150	147	73	70	0.001301
630	77	160	73	69	0.058550
631	160	156	73	69	0.022204
632	156	152	73	69	0.007983
633	152	148	73	69	0.003056
634	75	76	74	73	0.111817
635	76	77	74	73	0.033468
636	77	78	74	73	0.015816
637	78	79	74	73	0.007959
638	79	80	74	73	0.008505
639	80	160	74	73	0.005496
640	160	159	74	73	0.004323
641	159	158	74	73	0.002838
642	76	78	74	72	0.071707
643	78	80	74	72	0.026421
644	80	159	74	72	0.016322
645	159	157	74	72	0.007886
646	157	155	74	72	0.004220
647	155	153	74	72	0.002767
648	153	151	74	72	0.001415
649	151	149	74	72	0.000978
650	77	80	74	71	0.069825
651	80	158	74	71	0.022132
652	158	155	74	71	0.009719
653	155	152	74	71	0.004848
654	152	149	74	71	0.002231
655	149	146	74	71	0.001149
656	78	159	74	70	0.064739
657	159	155	74	70	0.020035
658	155	151	74	70	0.007251
659	151	147	74	70	0.002873
660	76	77	75	74	0.149211
661	77	78	75	74	0.043356
662	78	79	75	74	0.020068
663	79	80	75	74	0.012401
664	80	160	75	74	0.009037
665	160	159	75	74	0.006926
666	159	158	75	74	0.004349
667	158	157	75	74	0.002636
668	77	79	75	73	0.086962
669	79	160	75	73	0.035661
670	160	158	75	73	0.018462
671	158	156	75	73	0.007571
672	156	154	75	73	0.004810
673	154	152	75	73	0.002626
674	78	160	75	72	0.076992
675	160	157	75	72	0.029098
676	157	154	75	72	0.010495
677	154	151	75	72	0.004589
678	151	148	75	72	0.002271
679	79	158	75	71	0.076239
680	158	154	75	71	0.019194
681	154	150	75	71	0.006709
682	150	146	75	71	0.002715
683	79	160	77	75	0.143153
684	160	158	77	75	0.047183
685	158	156	77	75	0.015831
686	156	154	77	75	0.008823
687	154	152	77	75	0.004455
688	152	150	77	75	0.002392
689	150	148	77	75	0.001501
690	80	158	77	74	0.116522
691	158	155	77	74	0.026938
692	155	152	77	74	0.011003
693	152	149	77	74	0.004438
694	149	146	77	74	0.002115
695	160	156	77	73	0.089022
696	156	152	77	73	0.020703
697	152	148	77	73	0.006396
698	79	80	78	77	0.313481
699	80	160	78	77	0.103216
700	160	159	78	77	0.048655
701	159	158	78	77	0.023041
702	158	157	78	77	0.011638
703	157	156	78	77	0.007154
704	156	155	78	77	0.005300
705	155	154	78	77	0.003857
706	160	157	78	75	0.139992
707	157	154	78	75	0.031469
708	154	151	78	75	0.011283
709	151	148	78	75	0.004857
710	148	145	78	75	0.002192
711	159	155	78	74	0.095416
712	155	151	78	74	0.022180
713	151	147	78	74	0.006935
714	80	160	79	78	0.344780
715	160	159	79	78	0.104459
716	159	158	79	78	0.039520
717	158	157	79	78	0.017998
718	157	156	79	78	0.010190
719	156	155	79	78	0.007111
720	155	154	79	78	0.005000
721	154	153	79	78	0.003376
722	160	158	79	77	0.215746
723	158	156	79	77	0.046986
724	156	154	79	77	0.021278
725	154	152	79	77	0.009685
726	152	150	79	77	0.004738
727	150	148	79	77	0.002843
728	148	146	79	77	0.001592
729	158	154	79	75	0.092893
730	154	150	79	75	0.021257
731	150	146	79	75	0.006835
732	160	159	80	79	0.460880
733	159	158	80	79	0.103231
734	158	157	80	79	0.038587
735	157	156	80	79	0.019598
736	156	155	80	79	0.012700
737	155	154	80	79	0.008384
738	154	153	80	79	0.005428
739	153	152	80	79	0.003063
740	159	157	80	78	0.199370
741	157	155	80	78	0.049607
742	155	153	80	78	0.022190
743	153	151	80	78	0.008663
744	151	149	80	78	0.004946
745	149	147	80	78	0.002650
746	147	145	80	78	0.001505
747	158	155	80	77	0.130285
748	155	152	80	77	0.035428
749	152	149	80	77	0.011487
750	149	146	80	77	0.004818
751	159	158	160	80	0.506875
752	158	157	160	80	0.107428
753	157	156	160	80	0.043266
754	156	155	160	80	0.024349
755	155	154	160	80	0.014534
756	154	153	160	80	0.008759
757	153	152	160	80	0.004662
758	152	151	160	80	0.003093
759	158	156	160	79	0.208905
760	156	154	160	79	0.059976
761	154	152	160	79	0.021939
762	152	150	160	79	0.009178
763	150	148	160	79	0.004976
764	148	146	160	79	0.002664
765	157	154	160	78	0.145124
766	154	151	160	78	0.033991
767	151	148	160	78	0.011548
768	148	145	160	78	0.004586
769	156	152	160	77	0.112843
770	152	148	160	77	0.021740
771	158	157	159	160	0.581858
772	157	156	159	160	0.147471
773	156	155	159	160	0.066088
774	155	154	159	160	0.034704
775	154	153	159	160	0.019165
776	153	152	159	160	0.009464
777	152	151	159	160	0.005810
778	151	150	159	160	0.004010
779	157	155	159	80	0.281192
780	155	153	159	80	0.077168
781	153	151	159	80	0.023025
782	151	149	159	80	0.010853
783	149	147	159	80	0.005185
784	147	145	159	80	0.002831
785	156	153	159	79	0.194120
786	153	150	159	79	0.036196
787	150	147	159	79	0.012591
788	155	151	159	78	0.131042
789	151	147	159	78	0.023635
790	157	156	158	159	0.539109
791	156	155	158	159	0.152870
792	155	154	158	159	0.066315
793	154	153	158	159	0.033009
794	153	152	158	159	0.014973
795	152	151	158	159	0.008462
796	151	150	158	159	0.005625
797	150	149	158	159	0.003761
798	156	154	158	160	0.320182
799	154	152	158	160	0.076651
800	152	150	158	160	0.023929
801	150	148	158	160	0.010928
802	148	146	158	160	0.005152
803	155	152	158	80	0.205743
804	152	149	158	80	0.037628
805	149	146	158	80	0.012076
806	154	150	158	79	0.131750
807	150	146	158	79	0.023719
808	156	155	157	158	0.560590
809	155	154	157	158	0.156226
810	154	153	157	158	0.064951
811	153	152	157	158	0.026213
812	152	151	157	158	0.013279
813	151	150	157	158	0.008231
814	150	149	157	158	0.005158
815	149	148	157	158	0.003114
816	155	153	157	159	0.320897
817	153	151	157	159	0.063013
818	151	149	157	159	0.022801
819	149	147	157	159	0.009306
820	147	145	157	159	0.004260
821	154	151	157	160	0.195559
822	151	148	157	160	0.037122
823	148	145	157	160	0.011092
824	153	149	157	80	0.119703
825	149	145	157	80	0.021584
826	155	154	156	157	0.598026
827	154	153	156	157	0.167543
828	153	152	156	157	0.057003
829	152	151	156	157	0.025021
830	151	150	156	157	0.014131
831	150	149	156	157	0.008281
832	149	148	156	157	0.004735
833	148	147	156	157	0.003050
834	154	152	156	158	0.315663
835	152	150	156	158	0.060669
836	150	148	156	158	0.021289
837	148	146	156	158	0.008497
838	153	150	156	159	0.173032
839	150	147	156	159	0.034298
840	152	148	156	160	0.116878
841	154	153	155	156	0.672840
842	153	152	155	156	0.161260
843	152	151	155	156	0.056810
844	151	150	155	156	0.028366
845	150	149	155	156	0.015205
846	149	148	155	156	0.008143
847	148	147	155	156	0.004964
848	147	146	155	156	0.003081
849	153	151	155	157	0.300075
850	151	149	155	157	0.065989
851	149	147	155	157	0.020891
852	147	145	155	157	0.008202
853	152	149	155	158	0.174465
854	149	146	155	158	0.032535
855	151	147	155	159	0.118970
856	153	152	154	155	0.690113
857	152	151	154	155	0.151902
858	151	150	154	155	0.061078
859	150	149	154	155	0.028454
860	149	148	154	155	0.013925
861	148	147	154	155	0.007959
862	147	146	154	155	0.004640
863	146	145	154	155	0.002750
864	152	150	154	156	0.298137
865	150	148	154	156	0.065724
866	148	146	154	156	0.020639
867	151	148	154	157	0.182304
868	148	145	154	157	0.031556
869	150	146	154	158	0.116139
870	152	151	153	154	0.635467
871	151	150	153	154	0.161468
872	150	149	153	154	0.059632
873	149	148	153	154	0.025440
874	148	147	153	154	0.013270
875	147	146	153	154	0.007227
876	146	145	153	154	0.004031
877	151	149	153	155	0.310598
878	149	147	153	155	0.060579
879	147	145	153	155	0.018655
880	150	147	153	156	0.176967
881	149	145	153	157	0.108307
882	151	150	152	153	0.707462
883	150	149	152	153	0.148849
884	149	148	152	153	0.049180
885	148	147	152	153	0.022339
886	147	146	152	153	0.011103
887	146	145	152	153	0.005698
888	150	148	152	154	0.283068
889	148	146	152	154	0.053939
890	149	146	152	155	0.155059
891	150	149	151	152	0.845951
892	149	148	151	152	0.149094
893	148	147	151	152	0.053083
894	147	146	151	152	0.022873
895	146	145	151	152	0.010578
896	149	147	151	153	0.273653
897	147	145	151	153	0.050251
898	148	145	151	154	0.150181
899	149	148	150	151	0.811506
900	148	147	150	151	0.157037
901	147	146	150	151	0.052371
902	146	145	150	151	0.020644
903	148	146	150	152	0.285350
904	148	147	149	150	0.986545
905	147	146	149	150	0.172250
906	146	145	149	150	0.049212
907	147	145	149	151	0.294523
908	147	146	148	149	1.137144
909	146	145	148	149	0.139709
910	146	145	147	148	1.115023
