993
1	147	148	146	145	1.188919
2	148	149	146	145	0.149722
3	149	150	146	145	0.050546
4	150	151	146	145	0.020889
5	151	152	146	145	0.010594
6	152	153	146	145	0.005560
7	153	154	146	145	0.003950
8	154	155	146	145	0.002660
9	148	149	147	146	1.209944
10	149	150	147	146	0.179802
11	150	151	147	146	0.052918
12	151	152	147	146	0.022663
13	152	153	147	146	0.010650
14	153	154	147	146	0.006971
15	154	155	147	146	0.004404
16	155	156	147	146	0.002954
17	149	151	147	145	0.304119
18	151	153	147	145	0.049453
19	153	155	147	145	0.017978
20	155	157	147	145	0.008022
21	157	159	147	145	0.004241
22	159	80	147	145	0.002645
23	80	78	147	145	0.001498
24	78	76	147	145	0.000956
25	149	150	148	147	1.134702
26	150	151	148	147	0.170701
27	151	152	148	147	0.054836
28	152	153	148	147	0.022078
29	153	154	148	147	0.013058
30	154	155	148	147	0.007663
31	155	156	148	147	0.004863
32	156	157	148	147	0.003042
33	150	152	148	146	0.301130
34	152	154	148	146	0.052749
35	154	156	148	146	0.019880
36	156	158	148	146	0.008505
37	158	160	148	146	0.004951
38	160	79	148	146	0.002601
39	79	77	148	146	0.001601
40	77	75	148	146	0.000896
41	151	154	148	145	0.150344
42	154	157	148	145	0.030661
43	157	160	148	145	0.010881
44	160	78	148	145	0.004547
45	78	75	148	145	0.002204
46	75	72	148	145	0.001190
47	72	69	148	145	0.000823
48	69	66	148	145	0.000650
49	150	151	149	148	0.968801
50	151	152	149	148	0.163205
51	152	153	149	148	0.050011
52	153	154	149	148	0.025454
53	154	155	149	148	0.013570
54	155	156	149	148	0.008037
55	156	157	149	148	0.004783
56	157	158	149	148	0.003175
57	151	153	149	147	0.290115
58	153	155	149	147	0.059741
59	155	157	149	147	0.020720
60	157	159	149	147	0.009241
61	159	80	149	147	0.005106
62	80	78	149	147	0.002676
63	78	76	149	147	0.001644
64	76	74	149	147	0.000938
65	152	155	149	146	0.153842
66	155	158	149	146	0.032304
67	158	80	149	146	0.011678
68	80	77	149	146	0.004837
69	77	74	149	146	0.002134
70	74	71	149	146	0.001263
71	71	68	149	146	0.001002
72	68	65	149	146	0.000624
73	153	157	149	145	0.106462
74	157	80	149	145	0.021230
75	80	76	149	145	0.006773
76	76	72	149	145	0.002634
77	72	68	149	145	0.001643
78	151	152	150	149	0.969188
79	152	153	150	149	0.156588
80	153	154	150	149	0.060384
81	154	155	150	149	0.027754
82	155	156	150	149	0.014946
83	156	157	150	149	0.008311
84	157	158	150	149	0.005233
85	158	159	150	149	0.003642
86	152	154	150	148	0.292412
87	154	156	150	148	0.064302
88	156	158	150	148	0.021493
89	158	160	150	148	0.010515
90	160	79	150	148	0.004915
91	79	77	150	148	0.002850
92	77	75	150	148	0.001533
93	75	73	150	148	0.001049
94	153	156	150	147	0.175692
95	156	159	150	147	0.034251
96	159	79	150	147	0.012278
97	79	76	150	147	0.004923
98	76	73	150	147	0.002293
99	73	70	150	147	0.001409
100	70	67	150	147	0.001149
101	154	158	150	146	0.114179
102	158	79	150	146	0.022987
103	79	75	150	146	0.006857
104	75	71	150	146	0.002783
105	71	67	150	146	0.001937
106	152	153	151	150	0.826067
107	153	154	151	150	0.175623
108	154	155	151	150	0.062435
109	155	156	151	150	0.028871
110	156	157	151	150	0.014561
111	157	158	151	150	0.008484
112	158	159	151	150	0.005532
113	159	160	151	150	0.003932
114	153	155	151	149	0.326214
115	155	157	151	149	0.066693
116	157	159	151	149	0.022893
117	159	80	151	149	0.010550
118	80	78	151	149	0.005009
119	78	76	151	149	0.002897
120	76	74	151	149	0.001573
121	74	72	151	149	0.001095
122	154	157	151	148	0.183256
123	157	160	151	148	0.036866
124	160	78	151	148	0.011554
125	78	75	151	148	0.004954
126	75	72	151	148	0.002434
127	72	69	151	148	0.001583
128	69	66	151	148	0.001186
129	155	159	151	147	0.119522
130	159	78	151	147	0.023332
131	78	74	151	147	0.007055
132	74	70	151	147	0.003159
133	70	66	151	147	0.002019
134	153	154	152	151	0.759653
135	154	155	152	151	0.165008
136	155	156	152	151	0.060230
137	156	157	152	151	0.026524
138	157	158	152	151	0.014004
139	158	159	152	151	0.008451
140	159	160	152	151	0.005703
141	160	80	152	151	0.003102
142	154	156	152	150	0.316498
143	156	158	152	150	0.063558
144	158	160	152	150	0.023615
145	160	79	152	150	0.009251
146	79	77	152	150	0.004910
147	77	75	152	150	0.002481
148	75	73	152	150	0.001622
149	73	71	152	150	0.001062
150	155	158	152	149	0.181139
151	158	80	152	149	0.036985
152	80	77	152	149	0.011714
153	77	74	152	149	0.004569
154	74	71	152	149	0.002479
155	71	68	152	149	0.001850
156	68	65	152	149	0.001096
157	156	160	152	148	0.119184
158	160	77	152	148	0.021919
159	77	73	152	148	0.006687
160	73	69	152	148	0.003305
161	69	65	152	148	0.002058
162	154	155	153	152	0.788210
163	155	156	153	152	0.176514
164	156	157	153	152	0.061390
165	157	158	153	152	0.027723
166	158	159	153	152	0.014836
167	159	160	153	152	0.009176
168	160	80	153	152	0.004620
169	80	79	153	152	0.003131
170	155	157	153	151	0.324642
171	157	159	153	151	0.065005
172	159	80	153	151	0.022601
173	80	78	153	151	0.008890
174	78	76	153	151	0.004721
175	76	74	153	151	0.002396
176	74	72	153	151	0.001589
177	72	70	153	151	0.001138
178	156	159	153	150	0.181481
179	159	79	153	150	0.035810
180	79	76	153	150	0.011079
181	76	73	153	150	0.004511
182	73	70	153	150	0.002542
183	70	67	153	150	0.001944
184	157	80	153	149	0.121035
185	80	76	153	149	0.021521
186	76	72	153	149	0.006655
187	72	68	153	149	0.003607
188	155	156	154	153	0.775152
189	156	157	154	153	0.185855
190	157	158	154	153	0.069964
191	158	159	154	153	0.033047
192	159	160	154	153	0.018799
193	160	80	154	153	0.008775
194	80	79	154	153	0.005473
195	79	78	154	153	0.003464
196	156	158	154	152	0.344969
197	158	160	154	152	0.075854
198	160	79	154	152	0.022008
199	79	77	154	152	0.009914
200	77	75	154	152	0.004582
201	75	73	154	152	0.002803
202	73	71	154	152	0.001728
203	71	69	154	152	0.001411
204	157	160	154	151	0.201689
205	160	78	154	151	0.034326
206	78	75	154	151	0.011586
207	75	72	154	151	0.004952
208	72	69	154	151	0.002934
209	69	66	154	151	0.002070
210	158	79	154	150	0.130702
211	79	75	154	150	0.021877
212	75	71	154	150	0.007219
213	71	67	154	150	0.004299
214	156	157	155	154	0.691712
215	157	158	155	154	0.170878
216	158	159	155	154	0.066238
217	159	160	155	154	0.033604
218	160	80	155	154	0.014314
219	80	79	155	154	0.008361
220	79	78	155	154	0.005071
221	78	77	155	154	0.003875
222	157	159	155	153	0.340122
223	159	80	155	153	0.075491
224	80	78	155	153	0.022364
225	78	76	155	153	0.010550
226	76	74	155	153	0.004897
227	74	72	155	153	0.003064
228	72	70	155	153	0.002094
229	70	68	155	153	0.001747
230	158	80	155	152	0.203400
231	80	77	155	152	0.035821
232	77	74	155	152	0.011202
233	74	71	155	152	0.005317
234	71	68	155	152	0.003621
235	68	65	155	152	0.002007
236	159	78	155	151	0.129347
237	78	74	155	151	0.022569
238	74	70	155	151	0.007893
239	70	66	155	151	0.004471
240	157	158	156	155	0.637519
241	158	159	156	155	0.156918
242	159	160	156	155	0.065234
243	160	80	156	155	0.024351
244	80	79	156	155	0.012782
245	79	78	156	155	0.007277
246	78	77	156	155	0.005371
247	77	76	156	155	0.003064
248	158	160	156	154	0.321985
249	160	79	156	154	0.059803
250	79	77	156	154	0.021588
251	77	75	156	154	0.008968
252	75	73	156	154	0.005063
253	73	71	156	154	0.002954
254	71	69	156	154	0.002321
255	69	67	156	154	0.001884
256	159	79	156	153	0.191678
257	79	76	156	153	0.034791
258	76	73	156	153	0.011529
259	73	70	156	153	0.005734
260	70	67	156	153	0.003962
261	160	77	156	152	0.113304
262	77	73	156	152	0.021412
263	73	69	156	152	0.008413
264	69	65	156	152	0.004691
265	158	159	157	156	0.586558
266	159	160	157	156	0.154072
267	160	80	157	156	0.045374
268	80	79	157	156	0.020377
269	79	78	157	156	0.010700
270	78	77	157	156	0.007425
271	77	76	157	156	0.004037
272	76	75	157	156	0.002594
273	159	80	157	155	0.289017
274	80	78	157	155	0.051128
275	78	76	157	155	0.019895
276	76	74	157	155	0.008155
277	74	72	157	155	0.004739
278	72	70	157	155	0.003051
279	70	68	157	155	0.002458
280	68	66	157	155	0.001523
281	160	78	157	154	0.148586
282	78	75	157	154	0.032263
283	75	72	157	154	0.011218
284	72	69	157	154	0.005904
285	69	66	157	154	0.003856
286	80	76	157	153	0.103925
287	76	72	157	153	0.020854
288	72	68	157	153	0.009338
289	159	160	158	157	0.665640
290	160	80	158	157	0.122666
291	80	79	158	157	0.042747
292	79	78	158	157	0.019907
293	78	77	158	157	0.012644
294	77	76	158	157	0.006416
295	76	75	158	157	0.003911
296	75	74	158	157	0.002795
297	160	79	158	156	0.231159
298	79	77	158	156	0.050672
299	77	75	158	156	0.016961
300	75	73	158	156	0.008375
301	73	71	158	156	0.004447
302	71	69	158	156	0.003354
303	69	67	158	156	0.002569
304	67	65	158	156	0.001325
305	80	77	158	155	0.139244
306	77	74	158	155	0.028392
307	74	71	158	155	0.010969
308	71	68	158	155	0.006671
309	68	65	158	155	0.003388
310	79	75	158	154	0.098199
311	75	71	158	154	0.020838
312	71	67	158	154	0.010134
313	160	80	159	158	0.615709
314	80	79	159	158	0.116447
315	79	78	159	158	0.043242
316	78	77	159	158	0.024387
317	77	76	159	158	0.011370
318	76	75	159	158	0.006516
319	75	74	159	158	0.004433
320	74	73	159	158	0.003290
321	80	78	159	157	0.222368
322	78	76	159	157	0.054818
323	76	74	159	157	0.017658
324	74	72	159	157	0.009049
325	72	70	159	157	0.005312
326	70	68	159	157	0.003977
327	68	66	159	157	0.002351
328	79	76	159	156	0.140138
329	76	73	159	156	0.029114
330	73	70	159	156	0.011635
331	70	67	159	156	0.007110
332	78	74	159	155	0.100525
333	74	70	159	155	0.022144
334	70	66	159	155	0.010300
335	80	79	160	159	0.514297
336	79	78	160	159	0.113098
337	78	77	160	159	0.050278
338	77	76	160	159	0.020361
339	76	75	160	159	0.010664
340	75	74	160	159	0.006774
341	74	73	160	159	0.004941
342	73	72	160	159	0.003102
343	79	77	160	158	0.230981
344	77	75	160	158	0.048907
345	75	73	160	158	0.019437
346	73	71	160	158	0.008838
347	71	69	160	158	0.006681
348	69	67	160	158	0.004537
349	67	65	160	158	0.002273
350	78	75	160	157	0.146538
351	75	72	160	157	0.031089
352	72	69	160	157	0.013247
353	69	66	160	157	0.007530
354	77	73	160	156	0.093687
355	73	69	160	156	0.023325
356	69	65	160	156	0.010709
357	79	78	80	160	0.382763
358	78	77	80	160	0.106556
359	77	76	80	160	0.036290
360	76	75	80	160	0.015712
361	75	74	80	160	0.008065
362	74	73	80	160	0.007141
363	73	72	80	160	0.003691
364	78	76	80	159	0.213463
365	76	74	80	159	0.041085
366	74	72	80	159	0.019007
367	72	70	80	159	0.009281
368	70	68	80	159	0.006413
369	68	66	80	159	0.003585
370	77	74	80	158	0.119944
371	74	71	80	158	0.025049
372	71	68	80	158	0.020594
373	68	65	80	158	0.006707
374	76	72	80	157	0.086789
375	72	68	80	157	0.024979
376	78	77	79	80	0.345769
377	77	76	79	80	0.070900
378	76	75	79	80	0.026822
379	74	73	79	80	0.013956
380	73	72	79	80	0.004883
381	72	71	79	80	0.008496
382	77	75	79	160	0.149575
383	75	73	79	160	0.037582
384	73	71	79	160	0.014230
385	71	69	79	160	0.009278
386	69	67	79	160	0.005983
387	67	65	79	160	0.002826
388	76	73	79	159	0.102490
389	73	70	79	159	0.027154
390	70	67	79	159	0.013954
391	75	71	79	158	0.079770
392	71	67	79	158	0.026800
393	77	76	78	79	0.185223
394	76	75	78	79	0.045310
395	75	74	78	79	0.025265
396	74	73	78	79	0.004382
397	73	72	78	79	0.005583
398	72	71	78	79	0.004768
399	71	70	78	79	0.001903
400	70	69	78	79	0.002152
401	76	74	78	80	0.105971
402	74	72	78	80	0.028655
403	72	70	78	80	0.012862
404	70	68	78	80	0.008094
405	68	66	78	80	0.004235
406	75	72	78	160	0.081380
407	72	69	78	160	0.023752
408	69	66	78	160	0.011554
409	74	70	78	159	0.069893
410	70	66	78	159	0.022347
411	76	75	77	78	0.184774
412	75	74	77	78	0.047550
413	74	73	77	78	0.017167
414	73	72	77	78	0.008722
415	72	71	77	78	0.006122
416	71	70	77	78	0.003544
417	70	69	77	78	0.003029
418	69	68	77	78	0.002480
419	75	73	77	79	0.094364
420	73	71	77	79	0.025212
421	71	69	77	79	0.010596
422	69	67	77	79	0.007371
423	67	65	77	79	0.003217
424	74	71	77	80	0.074248
425	71	68	77	80	0.016485
426	68	65	77	80	0.009008
427	73	69	77	160	0.059321
428	69	65	77	160	0.019400
429	75	74	76	77	0.156094
430	74	73	76	77	0.035048
431	73	72	76	77	0.013605
432	72	71	76	77	0.007449
433	71	70	76	77	0.004799
434	70	69	76	77	0.003021
435	69	68	76	77	0.002589
436	68	67	76	77	0.001640
437	74	72	76	78	0.074402
438	72	70	76	78	0.021918
439	70	68	76	78	0.011099
440	68	66	76	78	0.005210
441	73	70	76	79	0.056508
442	70	67	76	79	0.019787
443	72	68	76	80	0.053984
444	74	73	75	76	0.138770
445	73	72	75	76	0.030961
446	72	71	75	76	0.012563
447	71	70	75	76	0.007264
448	70	69	75	76	0.004391
449	69	68	75	76	0.003329
450	68	67	75	76	0.001980
451	67	66	75	76	0.001135
452	73	71	75	77	0.064590
453	71	69	75	77	0.019465
454	69	67	75	77	0.009536
455	67	65	75	77	0.003831
456	72	69	75	78	0.052140
457	69	66	75	78	0.016716
458	71	67	75	79	0.046919
459	73	72	74	75	0.132771
460	72	71	74	75	0.033558
461	71	70	74	75	0.014957
462	70	69	74	75	0.007708
463	69	68	74	75	0.005238
464	68	67	74	75	0.002950
465	67	66	74	75	0.001497
466	66	65	74	75	0.001194
467	72	70	74	76	0.068306
468	70	68	74	76	0.020671
469	68	66	74	76	0.007556
470	71	68	74	77	0.053297
471	68	65	74	77	0.013056
472	70	66	74	78	0.044528
473	72	71	73	74	0.140305
474	71	70	73	74	0.036280
475	70	69	73	74	0.014661
476	69	68	73	74	0.008354
477	68	67	73	74	0.004197
478	67	66	73	74	0.002086
479	66	65	73	74	0.001558
480	71	69	73	75	0.073583
481	69	67	73	75	0.020734
482	67	65	73	75	0.006325
483	70	67	73	76	0.052780
484	69	65	73	77	0.040405
485	71	70	72	73	0.143331
486	70	69	72	73	0.033479
487	69	68	72	73	0.014678
488	68	67	72	73	0.006267
489	67	66	72	73	0.002841
490	66	65	72	73	0.002004
491	70	68	72	74	0.071163
492	68	66	72	74	0.015383
493	69	66	72	75	0.048088
494	70	69	71	72	0.142818
495	69	68	71	72	0.034900
496	68	67	71	72	0.010229
497	67	66	71	72	0.005621
498	66	65	71	72	0.001158
499	69	67	71	73	0.066053
500	67	65	71	73	0.011548
501	68	65	71	74	0.035820
502	69	68	70	71	0.156868
503	68	67	70	71	0.030866
504	67	66	70	71	0.008146
505	66	65	70	71	0.007283
506	68	66	70	72	0.054806
507	68	67	69	70	0.111761
508	67	66	69	70	0.022189
509	66	65	69	70	0.010548
510	67	65	69	71	0.048138
511	67	66	68	69	0.163398
512	66	65	68	69	0.043207
513	66	65	67	68	0.203003
514	68	69	67	66	0.163463
515	69	71	67	65	0.048693
516	73	75	67	65	0.006186
517	75	77	67	65	0.003937
518	79	160	67	65	0.002827
519	160	158	67	65	0.002274
520	158	156	67	65	0.001325
521	69	70	68	67	0.111817
522	70	71	68	67	0.029941
523	73	74	68	67	0.004214
524	74	75	68	67	0.003053
525	70	72	68	66	0.054747
526	72	74	68	66	0.015397
527	74	76	68	66	0.007543
528	76	78	68	66	0.005205
529	78	80	68	66	0.004244
530	80	159	68	66	0.003592
531	159	157	68	66	0.002349
532	157	155	68	66	0.001524
533	71	74	68	65	0.036131
534	74	77	68	65	0.013067
535	77	80	68	65	0.008986
536	80	158	68	65	0.006617
537	158	155	68	65	0.003393
538	155	152	68	65	0.002005
539	152	149	68	65	0.001099
540	149	146	68	65	0.000625
541	70	71	69	68	0.155775
542	71	72	69	68	0.035411
543	72	73	69	68	0.014688
544	73	74	69	68	0.008215
545	74	75	69	68	0.005318
546	77	78	69	68	0.002350
547	71	73	69	67	0.067464
548	73	75	69	67	0.020813
549	75	77	69	67	0.009451
550	77	79	69	67	0.007297
551	79	160	69	67	0.006053
552	160	158	69	67	0.004554
553	158	156	69	67	0.002572
554	156	154	69	67	0.001888
555	72	75	69	66	0.048056
556	75	78	69	66	0.016626
557	78	160	69	66	0.011695
558	160	157	69	66	0.007594
559	157	154	69	66	0.003869
560	154	151	69	66	0.002068
561	151	148	69	66	0.001192
562	148	145	69	66	0.000650
563	73	77	69	65	0.040390
564	77	160	69	65	0.019398
565	160	156	69	65	0.010732
566	156	152	69	65	0.004814
567	152	148	69	65	0.002081
568	71	72	70	69	0.144125
569	72	73	70	69	0.033663
570	73	74	70	69	0.014810
571	74	75	70	69	0.007642
572	75	76	70	69	0.004356
573	77	78	70	69	0.003137
574	78	79	70	69	0.002077
575	72	74	70	68	0.071411
576	74	76	70	68	0.020697
577	76	78	70	68	0.011103
578	78	80	70	68	0.008112
579	80	159	70	68	0.006412
580	159	157	70	68	0.003977
581	157	155	70	68	0.002457
582	155	153	70	68	0.001749
583	73	76	70	67	0.052905
584	76	79	70	67	0.019739
585	79	159	70	67	0.013949
586	159	156	70	67	0.007190
587	156	153	70	67	0.004022
588	153	150	70	67	0.001940
589	150	147	70	67	0.001142
590	74	78	70	66	0.044580
591	78	159	70	66	0.022365
592	159	155	70	66	0.010289
593	155	151	70	66	0.004540
594	151	147	70	66	0.001943
595	72	73	71	70	0.142545
596	73	74	71	70	0.036019
597	74	75	71	70	0.014822
598	75	76	71	70	0.007164
599	77	78	71	70	0.003203
600	73	75	71	69	0.073317
601	75	77	71	69	0.019163
602	79	160	71	69	0.009750
603	160	158	71	69	0.007900
604	158	156	71	69	0.003578
605	156	154	71	69	0.002415
606	74	77	71	68	0.052906
607	158	155	71	68	0.006978
608	155	152	71	68	0.003713
609	152	149	71	68	0.001880
610	149	146	71	68	0.001017
611	75	79	71	67	0.044927
612	79	158	71	67	0.028354
613	158	154	71	67	0.010465
614	154	150	71	67	0.004336
615	150	146	71	67	0.001975
616	73	74	72	71	0.140044
617	74	75	72	71	0.033536
618	75	76	72	71	0.012414
619	76	77	72	71	0.006372
620	77	78	72	71	0.007903
621	74	76	72	70	0.067896
622	76	78	72	70	0.021937
623	78	80	72	70	0.013089
624	80	159	72	70	0.009349
625	159	157	72	70	0.005335
626	157	155	72	70	0.003066
627	155	153	72	70	0.002100
628	153	151	72	70	0.001146
629	75	78	72	69	0.052033
630	78	160	72	69	0.023862
631	160	157	72	69	0.013297
632	157	154	72	69	0.005927
633	154	151	72	69	0.002939
634	151	148	72	69	0.001577
635	148	145	72	69	0.000824
636	76	80	72	68	0.054233
637	80	157	72	68	0.025081
638	157	153	72	68	0.009367
639	153	149	72	68	0.003665
640	149	145	72	68	0.001642
641	74	75	73	72	0.133077
642	75	76	73	72	0.031067
643	76	77	73	72	0.014622
644	77	78	73	72	0.007868
645	78	79	73	72	0.005469
646	79	80	73	72	0.004844
647	80	160	73	72	0.003633
648	160	159	73	72	0.003080
649	75	77	73	71	0.064647
650	77	79	73	71	0.027161
651	79	160	73	71	0.013641
652	160	158	73	71	0.007532
653	158	156	73	71	0.004208
654	156	154	73	71	0.002852
655	154	152	73	71	0.001682
656	152	150	73	71	0.001033
657	76	79	73	70	0.056533
658	79	159	73	70	0.027164
659	159	156	73	70	0.011641
660	156	153	73	70	0.005720
661	153	150	73	70	0.002541
662	150	147	73	70	0.001427
663	77	160	73	69	0.059610
664	160	156	73	69	0.023327
665	156	152	73	69	0.008419
666	152	148	73	69	0.003433
667	75	76	74	73	0.138788
668	76	77	74	73	0.035174
669	77	78	74	73	0.017433
670	79	80	74	73	0.011385
671	80	160	74	73	0.007329
672	160	159	74	73	0.005011
673	159	158	74	73	0.003307
674	76	78	74	72	0.074947
675	78	80	74	72	0.028169
676	80	159	74	72	0.019075
677	159	157	74	72	0.009049
678	157	155	74	72	0.004735
679	155	153	74	72	0.003063
680	153	151	74	72	0.001590
681	151	149	74	72	0.001094
682	77	80	74	71	0.080773
683	158	155	74	71	0.010686
684	155	152	74	71	0.005225
685	152	149	74	71	0.002451
686	149	146	74	71	0.001255
687	78	159	74	70	0.069692
688	159	155	74	70	0.022190
689	155	151	74	70	0.007899
690	151	147	74	70	0.003095
691	76	77	75	74	0.156952
692	77	78	75	74	0.046811
693	78	79	75	74	0.023728
694	79	80	75	74	0.010385
695	80	160	75	74	0.007718
696	160	159	75	74	0.006654
697	159	158	75	74	0.004406
698	158	157	75	74	0.002777
699	77	79	75	73	0.094038
700	79	160	75	73	0.037576
701	160	158	75	73	0.019453
702	158	156	75	73	0.008364
703	156	154	75	73	0.005060
704	154	152	75	73	0.002803
705	152	150	75	73	0.001629
706	150	148	75	73	0.001050
707	78	160	75	72	0.081160
708	160	157	75	72	0.031051
709	157	154	75	72	0.011206
710	154	151	75	72	0.004948
711	151	148	75	72	0.002430
712	148	145	75	72	0.001187
713	79	158	75	71	0.078253
714	158	154	75	71	0.020504
715	154	150	75	71	0.007147
716	150	146	75	71	0.002970
717	77	78	76	75	0.184512
718	78	79	76	75	0.045282
719	79	80	76	75	0.026839
720	80	160	76	75	0.015650
721	160	159	76	75	0.010660
722	159	158	76	75	0.006523
723	158	157	76	75	0.003899
724	157	156	76	75	0.002592
725	78	80	76	74	0.106301
726	80	159	76	74	0.040732
727	159	157	76	74	0.017609
728	157	155	76	74	0.008140
729	155	153	76	74	0.004890
730	153	151	76	74	0.002392
731	151	149	76	74	0.001568
732	149	147	76	74	0.000934
733	79	159	76	73	0.102425
734	159	156	76	73	0.029110
735	156	153	76	73	0.011542
736	153	150	76	73	0.004547
737	150	147	76	73	0.002276
738	80	157	76	72	0.086582
739	157	153	76	72	0.020842
740	153	149	76	72	0.006645
741	149	145	76	72	0.002717
742	78	79	77	76	0.184570
743	79	80	77	76	0.071694
744	80	160	77	76	0.035108
745	160	159	77	76	0.020328
746	159	158	77	76	0.011383
747	158	157	77	76	0.006390
748	157	156	77	76	0.004037
749	156	155	77	76	0.003065
750	79	160	77	75	0.149290
751	160	158	77	75	0.048893
752	158	156	77	75	0.016916
753	156	154	77	75	0.008953
754	154	152	77	75	0.004577
755	152	150	77	75	0.002478
756	150	148	77	75	0.001530
757	148	146	77	75	0.000900
758	80	158	77	74	0.118538
759	158	155	77	74	0.028315
760	155	152	77	74	0.011192
761	152	149	77	74	0.004529
762	149	146	77	74	0.002115
763	160	156	77	73	0.093614
764	156	152	77	73	0.021397
765	152	148	77	73	0.006680
766	79	80	78	77	0.344364
767	80	160	78	77	0.107618
768	160	159	78	77	0.050254
769	159	158	78	77	0.024452
770	158	157	78	77	0.012595
771	157	156	78	77	0.007428
772	156	155	78	77	0.005369
773	155	154	78	77	0.003873
774	80	159	78	76	0.213322
775	159	157	78	76	0.054812
776	157	155	78	76	0.019898
777	155	153	78	76	0.010555
778	153	151	78	76	0.004715
779	151	149	78	76	0.002895
780	149	147	78	76	0.001645
781	147	145	78	76	0.000959
782	160	157	78	75	0.146469
783	157	154	78	75	0.032252
784	154	151	78	75	0.011586
785	151	148	78	75	0.004951
786	148	145	78	75	0.002203
787	159	155	78	74	0.100490
788	155	151	78	74	0.022558
789	151	147	78	74	0.007051
790	80	160	79	78	0.382452
791	160	159	79	78	0.113113
792	159	158	79	78	0.043387
793	158	157	79	78	0.019813
794	157	156	79	78	0.010701
795	156	155	79	78	0.007280
796	155	154	79	78	0.005067
797	154	153	79	78	0.003475
798	160	158	79	77	0.231187
799	158	156	79	77	0.050533
800	156	154	79	77	0.021597
801	154	152	79	77	0.009912
802	152	150	79	77	0.004905
803	150	148	79	77	0.002853
804	148	146	79	77	0.001600
805	159	156	79	76	0.140172
806	156	153	79	76	0.034815
807	153	150	79	76	0.011058
808	150	147	79	76	0.004914
809	158	154	79	75	0.098004
810	154	150	79	75	0.021881
811	150	146	79	75	0.006876
812	160	159	80	79	0.514097
813	159	158	80	79	0.116666
814	158	157	80	79	0.042560
815	157	156	80	79	0.020371
816	156	155	80	79	0.012775
817	155	154	80	79	0.008352
818	154	153	80	79	0.005493
819	153	152	80	79	0.003115
820	159	157	80	78	0.222420
821	157	155	80	78	0.051130
822	155	153	80	78	0.022388
823	153	151	80	78	0.008861
824	151	149	80	78	0.005010
825	149	147	80	78	0.002666
826	147	145	80	78	0.001494
827	158	155	80	77	0.138894
828	155	152	80	77	0.035817
829	152	149	80	77	0.011716
830	149	146	80	77	0.004773
831	157	153	80	76	0.103970
832	153	149	80	76	0.021477
833	149	145	80	76	0.006769
834	159	158	160	80	0.616406
835	158	157	160	80	0.122863
836	157	156	160	80	0.045404
837	156	155	160	80	0.024359
838	155	154	160	80	0.014320
839	154	153	160	80	0.008764
840	153	152	160	80	0.004641
841	152	151	160	80	0.003107
842	158	156	160	79	0.231183
843	156	154	160	79	0.059806
844	154	152	160	79	0.022014
845	152	150	160	79	0.009240
846	150	148	160	79	0.004920
847	148	146	160	79	0.002609
848	157	154	160	78	0.148626
849	154	151	160	78	0.034332
850	151	148	160	78	0.011555
851	148	145	160	78	0.004538
852	156	152	160	77	0.113320
853	152	148	160	77	0.021923
854	158	157	159	160	0.666281
855	157	156	159	160	0.154189
856	156	155	159	160	0.065261
857	155	154	159	160	0.033603
858	154	153	159	160	0.018781
859	153	152	159	160	0.009192
860	152	151	159	160	0.005703
861	151	150	159	160	0.003924
862	157	155	159	80	0.289216
863	155	153	159	80	0.075471
864	153	151	159	80	0.022639
865	151	149	159	80	0.010560
866	149	147	159	80	0.005095
867	147	145	159	80	0.002649
868	156	153	159	79	0.191704
869	153	150	159	79	0.035829
870	150	147	159	79	0.012274
871	155	151	159	78	0.129367
872	151	147	159	78	0.023324
873	157	156	158	159	0.586790
874	156	155	158	159	0.156893
875	155	154	158	159	0.066180
876	154	153	158	159	0.033022
877	153	152	158	159	0.014831
878	152	151	158	159	0.008452
879	151	150	158	159	0.005529
880	150	149	158	159	0.003638
881	156	154	158	160	0.321894
882	154	152	158	160	0.075827
883	152	150	158	160	0.023601
884	150	148	158	160	0.010517
885	148	146	158	160	0.004960
886	155	152	158	80	0.203335
887	152	149	158	80	0.036971
888	149	146	158	80	0.011678
889	154	150	158	79	0.130692
890	150	146	158	79	0.022985
891	156	155	157	158	0.638374
892	155	154	157	158	0.170965
893	154	153	157	158	0.070037
894	153	152	157	158	0.027751
895	152	151	157	158	0.014006
896	151	150	157	158	0.008485
897	150	149	157	158	0.005235
898	149	148	157	158	0.003174
899	155	153	157	159	0.340203
900	153	151	157	159	0.065030
901	151	149	157	159	0.022890
902	149	147	157	159	0.009339
903	147	145	157	159	0.004240
904	154	151	157	160	0.201769
905	151	148	157	160	0.036874
906	148	145	157	160	0.010877
907	153	149	157	80	0.121119
908	149	145	157	80	0.021234
909	155	154	156	157	0.691578
910	154	153	156	157	0.185910
911	153	152	156	157	0.061396
912	152	151	156	157	0.026512
913	151	150	156	157	0.014557
914	150	149	156	157	0.008316
915	149	148	156	157	0.004779
916	148	147	156	157	0.003046
917	154	152	156	158	0.345098
918	152	150	156	158	0.063557
919	150	148	156	158	0.021508
920	148	146	156	158	0.008605
921	153	150	156	159	0.181515
922	150	147	156	159	0.034251
923	152	148	156	160	0.119173
924	154	153	155	156	0.775641
925	153	152	155	156	0.176583
926	152	151	155	156	0.060208
927	151	150	155	156	0.028870
928	150	149	155	156	0.014953
929	149	148	155	156	0.008029
930	148	147	155	156	0.004861
931	147	146	155	156	0.002956
932	153	151	155	157	0.324690
933	151	149	155	157	0.066688
934	149	147	155	157	0.020714
935	147	145	155	157	0.008109
936	152	149	155	158	0.181127
937	149	146	155	158	0.032306
938	151	147	155	159	0.119542
939	153	152	154	155	0.788256
940	152	151	154	155	0.164897
941	151	150	154	155	0.062414
942	150	149	154	155	0.027756
943	149	148	154	155	0.013566
944	148	147	154	155	0.007659
945	147	146	154	155	0.004404
946	146	145	154	155	0.002654
947	152	150	154	156	0.316372
948	150	148	154	156	0.064299
949	148	146	154	156	0.019882
950	151	148	154	157	0.183234
951	148	145	154	157	0.030653
952	150	146	154	158	0.114190
953	152	151	153	154	0.758581
954	151	150	153	154	0.175535
955	150	149	153	154	0.060352
956	149	148	153	154	0.025429
957	148	147	153	154	0.013046
958	147	146	153	154	0.006969
959	146	145	153	154	0.003953
960	151	149	153	155	0.326054
961	149	147	153	155	0.059686
962	147	145	153	155	0.017978
963	150	147	153	156	0.175626
964	149	145	153	157	0.106412
965	151	150	152	153	0.826516
966	150	149	152	153	0.156672
967	149	148	152	153	0.050006
968	148	147	152	153	0.022081
969	147	146	152	153	0.010663
970	146	145	152	153	0.005560
971	150	148	152	154	0.292431
972	148	146	152	154	0.052747
973	149	146	152	155	0.153805
974	150	149	151	152	0.969558
975	149	148	151	152	0.163143
976	148	147	151	152	0.054819
977	147	146	151	152	0.022678
978	146	145	151	152	0.010584
979	149	147	151	153	0.290027
980	147	145	151	153	0.049491
981	148	145	151	154	0.150329
982	149	148	150	151	0.968045
983	148	147	150	151	0.170636
984	147	146	150	151	0.052941
985	146	145	150	151	0.020902
986	148	146	150	152	0.301064
987	148	147	149	150	1.134068
988	147	146	149	150	0.179862
989	146	145	149	150	0.050519
990	147	145	149	151	0.304211
991	147	146	148	149	1.210147
992	146	145	148	149	0.149582
993	146	145	147	148	1.187872
