959
1	147	148	146	145	1.113523
2	148	149	146	145	0.149924
3	149	150	146	145	0.051445
4	150	151	146	145	0.021082
5	151	152	146	145	0.010635
6	152	153	146	145	0.005632
7	153	154	146	145	0.004002
8	154	155	146	145	0.002683
9	148	149	147	146	1.148595
10	149	150	147	146	0.182383
11	150	151	147	146	0.053745
12	151	152	147	146	0.022940
13	152	153	147	146	0.010878
14	153	154	147	146	0.007112
15	154	155	147	146	0.004467
16	155	156	147	146	0.002990
17	149	151	147	145	0.308587
18	151	153	147	145	0.050073
19	153	155	147	145	0.018262
20	155	157	147	145	0.008075
21	157	159	147	145	0.004274
22	159	80	147	145	0.002688
23	80	78	147	145	0.001499
24	78	76	147	145	0.000962
25	149	150	148	147	1.084982
26	150	151	148	147	0.170237
27	151	152	148	147	0.055234
28	152	153	148	147	0.022517
29	153	154	148	147	0.013304
30	154	155	148	147	0.007773
31	155	156	148	147	0.004918
32	156	157	148	147	0.003051
33	150	152	148	146	0.302256
34	152	154	148	146	0.053828
35	154	156	148	146	0.020157
36	156	158	148	146	0.008567
37	158	160	148	146	0.005002
38	160	79	148	146	0.002626
39	79	77	148	146	0.001605
40	77	75	148	146	0.000899
41	151	154	148	145	0.152256
42	154	157	148	145	0.030964
43	157	160	148	145	0.010997
44	160	78	148	145	0.004576
45	78	75	148	145	0.002207
46	75	72	148	145	0.001141
47	72	69	148	145	0.000792
48	69	66	148	145	0.000653
49	150	151	149	148	0.915308
50	151	152	149	148	0.162413
51	152	153	149	148	0.051072
52	153	154	149	148	0.026046
53	154	155	149	148	0.013824
54	155	156	149	148	0.008157
55	156	157	149	148	0.004801
56	157	158	149	148	0.003228
57	151	153	149	147	0.291184
58	153	155	149	147	0.060944
59	155	157	149	147	0.020920
60	157	159	149	147	0.009338
61	159	80	149	147	0.005180
62	80	78	149	147	0.002683
63	78	76	149	147	0.001646
64	76	74	149	147	0.000937
65	152	155	149	146	0.157016
66	155	158	149	146	0.032665
67	158	80	149	146	0.011796
68	80	77	149	146	0.004853
69	77	74	149	146	0.002130
70	74	71	149	146	0.001161
71	71	68	149	146	0.000993
72	153	157	149	145	0.108203
73	157	80	149	145	0.021476
74	80	76	149	145	0.006793
75	76	72	149	145	0.002531
76	72	68	149	145	0.001578
77	151	152	150	149	0.915545
78	152	153	150	149	0.158952
79	153	154	150	149	0.062100
80	154	155	150	149	0.028500
81	155	156	150	149	0.015311
82	156	157	150	149	0.008412
83	157	158	150	149	0.005361
84	158	159	150	149	0.003680
85	152	154	150	148	0.298139
86	154	156	150	148	0.065779
87	156	158	150	148	0.021800
88	158	160	150	148	0.010671
89	160	79	150	148	0.004974
90	79	77	150	148	0.002863
91	77	75	150	148	0.001536
92	75	73	150	148	0.001014
93	153	156	150	147	0.179852
94	156	159	150	147	0.034619
95	159	79	150	147	0.012465
96	79	76	150	147	0.004938
97	76	73	150	147	0.002238
98	73	70	150	147	0.001345
99	70	67	150	147	0.001122
100	154	158	150	146	0.116278
101	158	79	150	146	0.023264
102	79	75	150	146	0.006896
103	75	71	150	146	0.002693
104	71	67	150	146	0.001930
105	152	153	151	150	0.788038
106	153	154	151	150	0.176955
107	154	155	151	150	0.063602
108	155	156	151	150	0.029455
109	156	157	151	150	0.014693
110	157	158	151	150	0.008669
111	158	159	151	150	0.005573
112	159	160	151	150	0.004020
113	153	155	151	149	0.331274
114	155	157	151	149	0.067889
115	157	159	151	149	0.023289
116	159	80	151	149	0.010773
117	80	78	151	149	0.005040
118	78	76	151	149	0.002910
119	76	74	151	149	0.001573
120	74	72	151	149	0.001024
121	154	157	151	148	0.186771
122	157	160	151	148	0.037532
123	160	78	151	148	0.011663
124	78	75	151	148	0.004962
125	75	72	151	148	0.002340
126	72	69	151	148	0.001537
127	69	66	151	148	0.001186
128	155	159	151	147	0.121393
129	159	78	151	147	0.023674
130	78	74	151	147	0.007057
131	74	70	151	147	0.002947
132	70	66	151	147	0.002019
133	153	154	152	151	0.728550
134	154	155	152	151	0.164902
135	155	156	152	151	0.060952
136	156	157	152	151	0.026652
137	157	158	152	151	0.014268
138	158	159	152	151	0.008501
139	159	160	152	151	0.005822
140	160	80	152	151	0.003134
141	154	156	152	150	0.318790
142	156	158	152	150	0.064264
143	158	160	152	150	0.023915
144	160	79	152	150	0.009329
145	79	77	152	150	0.004909
146	77	75	152	150	0.002469
147	75	73	152	150	0.001567
148	73	71	152	150	0.000960
149	155	158	152	149	0.183792
150	158	80	152	149	0.037489
151	80	77	152	149	0.011765
152	77	74	152	149	0.004553
153	74	71	152	149	0.002270
154	71	68	152	149	0.001853
155	68	65	152	149	0.001151
156	156	160	152	148	0.120682
157	160	77	152	148	0.022075
158	77	73	152	148	0.006578
159	73	69	152	148	0.003156
160	69	65	152	148	0.002217
161	154	155	153	152	0.755378
162	155	156	153	152	0.176688
163	156	157	153	152	0.061744
164	157	158	153	152	0.028460
165	158	159	153	152	0.015081
166	159	160	153	152	0.009480
167	160	80	153	152	0.004723
168	80	79	153	152	0.003170
169	155	157	153	151	0.326041
170	157	159	153	151	0.066306
171	159	80	153	151	0.023168
172	80	78	153	151	0.008950
173	78	76	153	151	0.004732
174	76	74	153	151	0.002398
175	74	72	153	151	0.001486
176	72	70	153	151	0.001106
177	156	159	153	150	0.183578
178	159	79	153	150	0.036544
179	79	76	153	150	0.011097
180	76	73	153	150	0.004411
181	73	70	153	150	0.002437
182	70	67	153	150	0.001909
183	157	80	153	149	0.123533
184	80	76	153	149	0.021630
185	76	72	153	149	0.006479
186	72	68	153	149	0.003577
187	155	156	154	153	0.746960
188	156	157	154	153	0.184021
189	157	158	154	153	0.071350
190	158	159	154	153	0.033493
191	159	160	154	153	0.019399
192	160	80	154	153	0.008960
193	80	79	154	153	0.005580
194	79	78	154	153	0.003504
195	156	158	154	152	0.345638
196	158	160	154	152	0.077473
197	160	79	154	152	0.022437
198	79	77	154	152	0.010010
199	77	75	154	152	0.004604
200	75	73	154	152	0.002716
201	73	71	154	152	0.001571
202	71	69	154	152	0.001485
203	157	160	154	151	0.205861
204	160	78	154	151	0.034856
205	78	75	154	151	0.011647
206	75	72	154	151	0.004771
207	72	69	154	151	0.002863
208	69	66	154	151	0.002081
209	158	79	154	150	0.133095
210	79	75	154	150	0.021976
211	75	71	154	150	0.006812
212	71	67	154	150	0.004358
213	156	157	155	154	0.655706
214	157	158	155	154	0.171209
215	158	159	155	154	0.066562
216	159	160	155	154	0.034559
217	160	80	155	154	0.014580
218	80	79	155	154	0.008476
219	79	78	155	154	0.005100
220	78	77	155	154	0.003903
221	157	159	155	153	0.342577
222	159	80	155	153	0.077497
223	80	78	155	153	0.022662
224	78	76	155	153	0.010616
225	76	74	155	153	0.004915
226	74	72	155	153	0.002871
227	72	70	155	153	0.002044
228	70	68	155	153	0.001706
229	158	80	155	152	0.206849
230	80	77	155	152	0.036246
231	77	74	155	152	0.011238
232	74	71	155	152	0.004849
233	71	68	155	152	0.003729
234	68	65	155	152	0.002102
235	159	78	155	151	0.132266
236	78	74	155	151	0.022659
237	74	70	155	151	0.007506
238	70	66	155	151	0.004530
239	157	158	156	155	0.614647
240	158	159	156	155	0.155521
241	159	160	156	155	0.066830
242	160	80	156	155	0.024786
243	80	79	156	155	0.012965
244	79	78	156	155	0.007331
245	78	77	156	155	0.005403
246	77	76	156	155	0.003071
247	158	160	156	154	0.323468
248	160	79	156	154	0.060813
249	79	77	156	154	0.021736
250	77	75	156	154	0.008975
251	75	73	156	154	0.004897
252	73	71	156	154	0.002631
253	71	69	156	154	0.002499
254	69	67	156	154	0.001877
255	159	79	156	153	0.196132
256	79	76	156	153	0.035026
257	76	73	156	153	0.011336
258	73	70	156	153	0.005536
259	70	67	156	153	0.004004
260	160	77	156	152	0.115002
261	77	73	156	152	0.021196
262	73	69	156	152	0.008178
263	69	65	156	152	0.004888
264	158	159	157	156	0.553408
265	159	160	157	156	0.154461
266	160	80	157	156	0.045609
267	80	79	157	156	0.020526
268	79	78	157	156	0.010706
269	78	77	157	156	0.007427
270	77	76	157	156	0.004018
271	76	75	157	156	0.002578
272	159	80	157	155	0.291646
273	80	78	157	155	0.051514
274	78	76	157	155	0.019916
275	76	74	157	155	0.008133
276	74	72	157	155	0.004416
277	72	70	157	155	0.002974
278	70	68	157	155	0.002394
279	68	66	157	155	0.001584
280	160	78	157	154	0.150069
281	78	75	157	154	0.032297
282	75	72	157	154	0.010784
283	72	69	157	154	0.005789
284	69	66	157	154	0.003884
285	80	76	157	153	0.104702
286	76	72	157	153	0.020340
287	72	68	157	153	0.009117
288	159	160	158	157	0.651520
289	160	80	158	157	0.122996
290	80	79	158	157	0.043433
291	79	78	158	157	0.020146
292	78	77	158	157	0.012814
293	77	76	158	157	0.006471
294	76	75	158	157	0.003938
295	75	74	158	157	0.002818
296	160	79	158	156	0.232563
297	79	77	158	156	0.051103
298	77	75	158	156	0.017000
299	75	73	158	156	0.008124
300	73	71	158	156	0.003798
301	71	69	158	156	0.003828
302	69	67	158	156	0.002575
303	67	65	158	156	0.001488
304	80	77	158	155	0.140770
305	77	74	158	155	0.028446
306	74	71	158	155	0.009758
307	71	68	158	155	0.007221
308	68	65	158	155	0.003709
309	79	75	158	154	0.098817
310	75	71	158	154	0.019415
311	71	67	158	154	0.010815
312	160	80	159	158	0.578020
313	80	79	159	158	0.115206
314	79	78	159	158	0.043040
315	78	77	159	158	0.024384
316	77	76	159	158	0.011315
317	76	75	159	158	0.006472
318	75	74	159	158	0.004416
319	74	73	159	158	0.003027
320	80	78	159	157	0.221847
321	78	76	159	157	0.054988
322	76	74	159	157	0.017656
323	74	72	159	157	0.008488
324	72	70	159	157	0.005227
325	70	68	159	157	0.003926
326	68	66	159	157	0.002478
327	79	76	159	156	0.140333
328	76	73	159	156	0.028560
329	73	70	159	156	0.011307
330	70	67	159	156	0.007178
331	78	74	159	155	0.100679
332	74	70	159	155	0.021121
333	70	66	159	155	0.010376
334	80	79	160	159	0.503234
335	79	78	160	159	0.114102
336	78	77	160	159	0.051367
337	77	76	160	159	0.020715
338	76	75	160	159	0.010829
339	75	74	160	159	0.006882
340	74	73	160	159	0.004675
341	73	72	160	159	0.003034
342	79	77	160	158	0.232850
343	77	75	160	158	0.049327
344	75	73	160	158	0.018999
345	71	69	160	158	0.010795
346	69	67	160	158	0.004605
347	67	65	160	158	0.002411
348	78	75	160	157	0.148293
349	75	72	160	157	0.030308
350	72	69	160	157	0.013225
351	69	66	160	157	0.007768
352	77	73	160	156	0.093456
353	73	69	160	156	0.022969
354	69	65	160	156	0.011064
355	79	78	80	160	0.373185
356	78	77	80	160	0.109178
357	77	76	80	160	0.035388
358	76	75	80	160	0.015875
359	75	74	80	160	0.007451
360	74	73	80	160	0.007524
361	73	72	80	160	0.003626
362	78	76	80	159	0.216614
363	76	74	80	159	0.040796
364	74	72	80	159	0.019086
365	72	70	80	159	0.009359
366	70	68	80	159	0.006487
367	68	66	80	159	0.003859
368	77	74	80	158	0.119027
369	71	68	80	158	0.054018
370	68	65	80	158	0.006774
371	76	72	80	157	0.086023
372	72	68	80	157	0.025006
373	78	77	79	80	0.339111
374	77	76	79	80	0.072548
375	76	75	79	80	0.027205
376	75	74	79	80	0.012857
377	74	73	79	80	0.009252
378	73	72	79	80	0.004769
379	72	71	79	80	0.031739
380	77	75	79	160	0.151013
381	75	73	79	160	0.037077
382	73	71	79	160	0.011663
383	71	69	79	160	0.011900
384	69	67	79	160	0.006146
385	67	65	79	160	0.002842
386	76	73	79	159	0.102524
387	73	70	79	159	0.027062
388	70	67	79	159	0.014292
389	75	71	79	158	0.071631
390	71	67	79	158	0.034083
391	77	76	78	79	0.183499
392	76	75	78	79	0.045664
393	75	74	78	79	0.022575
394	74	73	78	79	0.006725
395	73	72	78	79	0.005486
396	72	71	78	79	0.009871
397	70	69	78	79	0.002210
398	76	74	78	80	0.108370
399	74	72	78	80	0.026143
400	72	70	78	80	0.013081
401	70	68	78	80	0.008205
402	68	66	78	80	0.004566
403	75	72	78	160	0.080259
404	72	69	78	160	0.024181
405	69	66	78	160	0.012031
406	74	70	78	159	0.067741
407	70	66	78	159	0.023124
408	76	75	77	78	0.183599
409	75	74	77	78	0.047347
410	74	73	77	78	0.017169
411	73	72	77	78	0.008566
412	72	71	77	78	0.008293
413	71	70	77	78	0.002073
414	70	69	77	78	0.003085
415	69	68	77	78	0.002517
416	75	73	77	79	0.093790
417	73	71	77	79	0.032691
418	69	67	77	79	0.007641
419	74	71	77	80	0.103938
420	73	69	77	160	0.060086
421	69	65	77	160	0.010697
422	75	74	76	77	0.156680
423	74	73	76	77	0.033520
424	73	72	76	77	0.014448
425	72	71	76	77	0.008142
426	71	70	76	77	0.004290
427	70	69	76	77	0.003280
428	69	68	76	77	0.002667
429	68	67	76	77	0.001787
430	74	72	76	78	0.073764
431	72	70	76	78	0.022810
432	70	68	76	78	0.011549
433	68	66	76	78	0.005698
434	73	70	76	79	0.058102
435	70	67	76	79	0.020665
436	72	68	76	80	0.055625
437	74	73	75	76	0.133699
438	73	72	75	76	0.033039
439	72	71	75	76	0.014322
440	71	70	75	76	0.007413
441	70	69	75	76	0.004806
442	69	68	75	76	0.003508
443	68	67	75	76	0.002192
444	67	66	75	76	0.001291
445	73	71	75	77	0.069935
446	71	69	75	77	0.019786
447	69	67	75	77	0.010145
448	67	65	75	77	0.014020
449	72	69	75	78	0.055691
450	69	66	75	78	0.017873
451	71	67	75	79	0.041058
452	73	72	74	75	0.153640
453	72	71	74	75	0.039405
454	71	70	74	75	0.016624
455	70	69	74	75	0.008790
456	69	68	74	75	0.005703
457	68	67	74	75	0.003382
458	67	66	74	75	0.001716
459	66	65	74	75	0.001697
460	72	70	74	76	0.077743
461	70	68	74	76	0.022801
462	68	66	74	76	0.008575
463	71	68	74	77	0.057165
464	68	65	74	77	0.024939
465	70	66	74	78	0.048608
466	72	71	73	74	0.151095
467	71	70	73	74	0.037915
468	70	69	73	74	0.015557
469	69	68	73	74	0.008419
470	68	67	73	74	0.004422
471	67	66	73	74	0.002212
472	66	65	73	74	0.001889
473	71	69	73	75	0.078888
474	69	67	73	75	0.021933
475	67	65	73	75	0.007493
476	70	67	73	76	0.056749
477	69	65	73	77	0.053742
478	71	70	72	73	0.151490
479	70	69	72	73	0.036399
480	69	68	72	73	0.015111
481	68	67	72	73	0.006753
482	67	66	72	73	0.003079
483	66	65	72	73	0.002489
484	70	68	72	74	0.075478
485	68	66	72	74	0.016469
486	69	66	72	75	0.050796
487	70	69	71	72	0.166264
488	69	68	71	72	0.036902
489	68	67	71	72	0.011560
490	67	66	71	72	0.005571
491	66	65	71	72	0.003305
492	69	67	71	73	0.070324
493	67	65	71	73	0.014431
494	68	65	71	74	0.041220
495	69	68	70	71	0.157679
496	68	67	70	71	0.032801
497	67	66	70	71	0.009485
498	66	65	70	71	0.006585
499	68	66	70	72	0.059371
500	68	67	69	70	0.119188
501	67	66	69	70	0.024202
502	66	65	69	70	0.012152
503	67	65	69	71	0.052381
504	67	66	68	69	0.160387
505	66	65	68	69	0.044965
506	66	65	67	68	0.201433
507	68	69	67	66	0.160669
508	69	71	67	65	0.052511
509	73	75	67	65	0.007410
510	160	158	67	65	0.002521
511	69	70	68	67	0.119209
512	70	71	68	67	0.032538
513	73	74	68	67	0.004475
514	70	72	68	66	0.059386
515	72	74	68	66	0.016492
516	76	78	68	66	0.005704
517	80	159	68	66	0.003855
518	159	157	68	66	0.002472
519	157	155	68	66	0.001586
520	71	74	68	65	0.041529
521	80	158	68	65	0.007089
522	158	155	68	65	0.003637
523	149	146	68	65	0.000679
524	70	71	69	68	0.157050
525	71	72	69	68	0.037178
526	72	73	69	68	0.015130
527	73	74	69	68	0.008413
528	74	75	69	68	0.005698
529	71	73	69	67	0.071005
530	73	75	69	67	0.022181
531	75	77	69	67	0.009940
532	77	79	69	67	0.007599
533	79	160	69	67	0.006136
534	160	158	69	67	0.004589
535	158	156	69	67	0.002565
536	156	154	69	67	0.001876
537	72	75	69	66	0.050804
538	75	78	69	66	0.017881
539	78	160	69	66	0.012032
540	160	157	69	66	0.007764
541	157	154	69	66	0.003888
542	154	151	69	66	0.002079
543	151	148	69	66	0.001179
544	148	145	69	66	0.000647
545	160	156	69	65	0.011021
546	156	152	69	65	0.004819
547	152	148	69	65	0.002159
548	71	72	70	69	0.157694
549	72	73	70	69	0.036095
550	73	74	70	69	0.015530
551	74	75	70	69	0.008720
552	75	76	70	69	0.004775
553	72	74	70	68	0.075178
554	74	76	70	68	0.022730
555	76	78	70	68	0.011531
556	78	80	70	68	0.008209
557	80	159	70	68	0.006470
558	159	157	70	68	0.003920
559	157	155	70	68	0.002388
560	155	153	70	68	0.001703
561	73	76	70	67	0.056784
562	76	79	70	67	0.020535
563	79	159	70	67	0.014255
564	159	156	70	67	0.007167
565	156	153	70	67	0.003986
566	153	150	70	67	0.001904
567	150	147	70	67	0.001122
568	74	78	70	66	0.048534
569	78	159	70	66	0.023106
570	159	155	70	66	0.010374
571	155	151	70	66	0.004512
572	151	147	70	66	0.002027
573	72	73	71	70	0.151043
574	73	74	71	70	0.037874
575	74	75	71	70	0.016586
576	75	76	71	70	0.007472
577	76	77	71	70	0.004278
578	73	75	71	69	0.078634
579	75	77	71	69	0.019736
580	156	154	71	69	0.002635
581	74	77	71	68	0.056888
582	158	155	71	68	0.007620
583	155	152	71	68	0.003858
584	152	149	71	68	0.001903
585	149	146	71	68	0.001016
586	158	154	71	67	0.011259
587	154	150	71	67	0.004445
588	150	146	71	67	0.001967
589	73	74	72	71	0.151350
590	74	75	72	71	0.039443
591	75	76	72	71	0.014418
592	76	77	72	71	0.008346
593	74	76	72	70	0.077761
594	76	78	72	70	0.022765
595	78	80	72	70	0.013079
596	80	159	72	70	0.009351
597	159	157	72	70	0.005233
598	157	155	72	70	0.002977
599	155	153	72	70	0.002038
600	75	78	72	69	0.055701
601	78	160	72	69	0.024144
602	160	157	72	69	0.013219
603	157	154	72	69	0.005787
604	154	151	72	69	0.002866
605	151	148	72	69	0.001535
606	148	145	72	69	0.000794
607	76	80	72	68	0.055565
608	80	157	72	68	0.024979
609	157	153	72	68	0.009120
610	153	149	72	68	0.003553
611	149	145	72	68	0.001577
612	74	75	73	72	0.153775
613	75	76	73	72	0.033054
614	76	77	73	72	0.014177
615	77	78	73	72	0.008890
616	78	79	73	72	0.005519
617	79	80	73	72	0.004804
618	80	160	73	72	0.003614
619	160	159	73	72	0.003036
620	75	77	73	71	0.069880
621	156	154	73	71	0.002470
622	152	150	73	71	0.000926
623	76	79	73	70	0.058140
624	79	159	73	70	0.027090
625	159	156	73	70	0.011318
626	156	153	73	70	0.005537
627	153	150	73	70	0.002441
628	150	147	73	70	0.001347
629	77	160	73	69	0.060295
630	160	156	73	69	0.022973
631	156	152	73	69	0.008184
632	152	148	73	69	0.003176
633	75	76	74	73	0.134165
634	76	77	74	73	0.034294
635	77	78	74	73	0.017257
636	78	79	74	73	0.008211
637	79	80	74	73	0.007151
638	80	160	74	73	0.007520
639	160	159	74	73	0.004696
640	159	158	74	73	0.003008
641	76	78	74	72	0.074605
642	78	80	74	72	0.025644
643	80	159	74	72	0.018904
644	159	157	74	72	0.008465
645	157	155	74	72	0.004407
646	155	153	74	72	0.002867
647	153	151	74	72	0.001480
648	151	149	74	72	0.001020
649	158	155	74	71	0.009267
650	155	152	74	71	0.004681
651	152	149	74	71	0.002210
652	149	146	74	71	0.001132
653	78	159	74	70	0.066972
654	159	155	74	70	0.021078
655	155	151	74	70	0.007500
656	151	147	74	70	0.002939
657	76	77	75	74	0.156381
658	77	78	75	74	0.047050
659	78	79	75	74	0.021085
660	79	80	75	74	0.014894
661	80	160	75	74	0.007472
662	160	159	75	74	0.006853
663	159	158	75	74	0.004442
664	158	157	75	74	0.002832
665	77	79	75	73	0.093516
666	79	160	75	73	0.037074
667	160	158	75	73	0.019005
668	158	156	75	73	0.008109
669	156	154	75	73	0.004901
670	154	152	75	73	0.002717
671	152	150	75	73	0.001563
672	150	148	75	73	0.001020
673	78	160	75	72	0.080263
674	160	157	75	72	0.030325
675	157	154	75	72	0.010792
676	154	151	75	72	0.004773
677	151	148	75	72	0.002339
678	148	145	75	72	0.001143
679	79	158	75	71	0.071486
680	158	154	75	71	0.018905
681	154	150	75	71	0.006695
682	150	146	75	71	0.002652
683	77	78	76	75	0.183428
684	78	79	76	75	0.045628
685	79	80	76	75	0.027179
686	80	160	76	75	0.015878
687	160	159	76	75	0.010838
688	159	158	76	75	0.006479
689	158	157	76	75	0.003931
690	157	156	76	75	0.002576
691	78	80	76	74	0.108807
692	80	159	76	74	0.041009
693	159	157	76	74	0.017692
694	157	155	76	74	0.008150
695	155	153	76	74	0.004927
696	153	151	76	74	0.002400
697	151	149	76	74	0.001575
698	149	147	76	74	0.000938
699	79	159	76	73	0.102501
700	159	156	76	73	0.028559
701	156	153	76	73	0.011334
702	153	150	76	73	0.004403
703	150	147	76	73	0.002226
704	80	157	76	72	0.086042
705	157	153	76	72	0.020352
706	153	149	76	72	0.006477
707	149	145	76	72	0.002538
708	78	79	77	76	0.182600
709	79	80	77	76	0.072397
710	80	160	77	76	0.035222
711	160	159	77	76	0.020661
712	159	158	77	76	0.011304
713	158	157	77	76	0.006447
714	157	156	77	76	0.004008
715	156	155	77	76	0.003068
716	79	160	77	75	0.150679
717	160	158	77	75	0.049277
718	158	156	77	75	0.016963
719	156	154	77	75	0.008960
720	154	152	77	75	0.004599
721	152	150	77	75	0.002465
722	150	148	77	75	0.001529
723	148	146	77	75	0.000898
724	80	158	77	74	0.119098
725	158	155	77	74	0.028439
726	155	152	77	74	0.011247
727	152	149	77	74	0.004554
728	149	146	77	74	0.002134
729	160	156	77	73	0.093354
730	156	152	77	73	0.021168
731	152	148	77	73	0.006580
732	79	80	78	77	0.338546
733	80	160	78	77	0.109216
734	160	159	78	77	0.051345
735	159	158	78	77	0.024435
736	158	157	78	77	0.012785
737	157	156	78	77	0.007433
738	156	155	78	77	0.005406
739	155	154	78	77	0.003901
740	80	159	78	76	0.216432
741	159	157	78	76	0.054968
742	157	155	78	76	0.019911
743	155	153	78	76	0.010614
744	153	151	78	76	0.004732
745	151	149	78	76	0.002912
746	149	147	78	76	0.001643
747	147	145	78	76	0.000964
748	160	157	78	75	0.148203
749	157	154	78	75	0.032285
750	154	151	78	75	0.011644
751	151	148	78	75	0.004959
752	148	145	78	75	0.002190
753	159	155	78	74	0.100719
754	155	151	78	74	0.022670
755	151	147	78	74	0.007066
756	80	160	79	78	0.373143
757	160	159	79	78	0.114112
758	159	158	79	78	0.043158
759	158	157	79	78	0.020086
760	157	156	79	78	0.010708
761	156	155	79	78	0.007334
762	155	154	79	78	0.005101
763	154	153	79	78	0.003508
764	160	158	79	77	0.233037
765	158	156	79	77	0.051019
766	156	154	79	77	0.021745
767	154	152	79	77	0.010018
768	152	150	79	77	0.004911
769	150	148	79	77	0.002864
770	148	146	79	77	0.001614
771	159	156	79	76	0.140366
772	156	153	79	76	0.035038
773	153	150	79	76	0.011096
774	150	147	79	76	0.004951
775	158	154	79	75	0.098686
776	154	150	79	75	0.021985
777	150	146	79	75	0.006902
778	160	159	80	79	0.503002
779	159	158	80	79	0.115361
780	158	157	80	79	0.043311
781	157	156	80	79	0.020526
782	156	155	80	79	0.012962
783	155	154	80	79	0.008475
784	154	153	80	79	0.005586
785	153	152	80	79	0.003169
786	159	157	80	78	0.221924
787	157	155	80	78	0.051530
788	155	153	80	78	0.022674
789	153	151	80	78	0.008946
790	151	149	80	78	0.005040
791	149	147	80	78	0.002681
792	147	145	80	78	0.001509
793	158	155	80	77	0.140561
794	155	152	80	77	0.036255
795	152	149	80	77	0.011769
796	149	146	80	77	0.004844
797	157	153	80	76	0.104729
798	153	149	80	76	0.021626
799	149	145	80	76	0.006791
800	159	158	160	80	0.578367
801	158	157	160	80	0.123121
802	157	156	160	80	0.045634
803	156	155	160	80	0.024787
804	155	154	160	80	0.014584
805	154	153	160	80	0.008951
806	153	152	160	80	0.004740
807	152	151	160	80	0.003140
808	158	156	160	79	0.232578
809	156	154	160	79	0.060805
810	154	152	160	79	0.022451
811	152	150	160	79	0.009320
812	150	148	160	79	0.004985
813	148	146	160	79	0.002624
814	157	154	160	78	0.150110
815	154	151	160	78	0.034878
816	151	148	160	78	0.011669
817	148	145	160	78	0.004571
818	156	152	160	77	0.115011
819	152	148	160	77	0.022081
820	158	157	159	160	0.651827
821	157	156	159	160	0.154527
822	156	155	159	160	0.066836
823	155	154	159	160	0.034545
824	154	153	159	160	0.019398
825	153	152	159	160	0.009493
826	152	151	159	160	0.005827
827	151	150	159	160	0.004020
828	157	155	159	80	0.291793
829	155	153	159	80	0.077494
830	153	151	159	80	0.023197
831	151	149	159	80	0.010778
832	149	147	159	80	0.005164
833	147	145	159	80	0.002696
834	156	153	159	79	0.196127
835	153	150	159	79	0.036575
836	150	147	159	79	0.012476
837	155	151	159	78	0.132305
838	151	147	159	78	0.023671
839	157	156	158	159	0.553457
840	156	155	158	159	0.155461
841	155	154	158	159	0.066495
842	154	153	158	159	0.033474
843	153	152	158	159	0.015071
844	152	151	158	159	0.008505
845	151	150	158	159	0.005574
846	150	149	158	159	0.003679
847	156	154	158	160	0.323317
848	154	152	158	160	0.077439
849	152	150	158	160	0.023908
850	150	148	158	160	0.010698
851	148	146	158	160	0.004999
852	155	152	158	80	0.206781
853	152	149	158	80	0.037484
854	149	146	158	80	0.011794
855	154	150	158	79	0.133125
856	150	146	158	79	0.023281
857	156	155	157	158	0.614879
858	155	154	157	158	0.171177
859	154	153	157	158	0.071379
860	153	152	157	158	0.028484
861	152	151	157	158	0.014280
862	151	150	157	158	0.008675
863	150	149	157	158	0.005372
864	149	148	157	158	0.003231
865	155	153	157	159	0.342513
866	153	151	157	159	0.066325
867	151	149	157	159	0.023291
868	149	147	157	159	0.009334
869	147	145	157	159	0.004285
870	154	151	157	160	0.205893
871	151	148	157	160	0.037532
872	148	145	157	160	0.010994
873	153	149	157	80	0.123599
874	149	145	157	80	0.021478
875	155	154	156	157	0.655238
876	154	153	156	157	0.184014
877	153	152	156	157	0.061767
878	152	151	156	157	0.026643
879	151	150	156	157	0.014693
880	150	149	156	157	0.008422
881	149	148	156	157	0.004798
882	148	147	156	157	0.003049
883	154	152	156	158	0.345634
884	152	150	156	158	0.064274
885	150	148	156	158	0.021818
886	148	146	156	158	0.008568
887	153	150	156	159	0.183682
888	150	147	156	159	0.034651
889	152	148	156	160	0.120675
890	154	153	155	156	0.746969
891	153	152	155	156	0.176753
892	152	151	155	156	0.060925
893	151	150	155	156	0.029441
894	150	149	155	156	0.015320
895	149	148	155	156	0.008152
896	148	147	155	156	0.004914
897	147	146	155	156	0.002993
898	153	151	155	157	0.326060
899	151	149	155	157	0.067863
900	149	147	155	157	0.020909
901	147	145	155	157	0.008068
902	152	149	155	158	0.183729
903	149	146	155	158	0.032653
904	151	147	155	159	0.121404
905	153	152	154	155	0.755771
906	152	151	154	155	0.164817
907	151	150	154	155	0.063579
908	150	149	154	155	0.028524
909	149	148	154	155	0.013815
910	148	147	154	155	0.007775
911	147	146	154	155	0.004469
912	146	145	154	155	0.002683
913	152	150	154	156	0.318768
914	150	148	154	156	0.065817
915	148	146	154	156	0.020155
916	151	148	154	157	0.186733
917	148	145	154	157	0.030968
918	150	146	154	158	0.116340
919	152	151	153	154	0.727617
920	151	150	153	154	0.176798
921	150	149	153	154	0.062125
922	149	148	153	154	0.026018
923	148	147	153	154	0.013299
924	147	146	153	154	0.007115
925	146	145	153	154	0.004000
926	151	149	153	155	0.330983
927	149	147	153	155	0.060895
928	147	145	153	155	0.018248
929	150	147	153	156	0.179939
930	149	145	153	157	0.108140
931	151	150	152	153	0.788427
932	150	149	152	153	0.159213
933	149	148	152	153	0.051073
934	148	147	152	153	0.022522
935	147	146	152	153	0.010884
936	146	145	152	153	0.005628
937	150	148	152	154	0.298409
938	148	146	152	154	0.053823
939	149	146	152	155	0.156942
940	150	149	151	152	0.917096
941	149	148	151	152	0.162291
942	148	147	151	152	0.055237
943	147	146	151	152	0.022934
944	146	145	151	152	0.010632
945	149	147	151	153	0.291060
946	147	145	151	153	0.050083
947	148	145	151	154	0.152237
948	149	148	150	151	0.914335
949	148	147	150	151	0.170180
950	147	146	150	151	0.053734
951	146	145	150	151	0.021058
952	148	146	150	152	0.302071
953	148	147	149	150	1.084054
954	147	146	149	150	0.182177
955	146	145	149	150	0.051364
956	147	145	149	151	0.308474
957	147	146	148	149	1.147498
958	146	145	148	149	0.149712
959	146	145	147	148	1.110770
